0 0.213000 0.961000 0.038000 0.046000
0 0.255000 0.903000 0.066000 0.050000
0 0.276000 0.861000 0.044000 0.034000
0 0.315000 0.817000 0.050000 0.070000
0 0.322000 0.776000 0.048000 0.048000
0 0.345000 0.763000 0.038000 0.058000
0 0.374000 0.728000 0.044000 0.056000
0 0.395000 0.685000 0.066000 0.054000
0 0.488000 0.720000 0.040000 0.052000
0 0.467000 0.749000 0.042000 0.046000
0 0.402000 0.819000 0.064000 0.046000
0 0.398000 0.857000 0.044000 0.050000
0 0.365000 0.889000 0.046000 0.050000
0 0.340000 0.923000 0.056000 0.054000
0 0.300000 0.982000 0.052000 0.036000
0 0.389000 0.979000 0.046000 0.042000
0 0.573000 0.755000 0.042000 0.054000
0 0.512000 0.831000 0.044000 0.038000
0 0.451000 0.903000 0.042000 0.038000
0 0.690000 0.735000 0.040000 0.042000
0 0.599000 0.861000 0.046000 0.054000
0 0.569000 0.901000 0.050000 0.042000
0 0.531000 0.968000 0.042000 0.048000
0 0.673000 0.909000 0.038000 0.042000
0 0.649000 0.938000 0.058000 0.044000
0 0.621000 0.981000 0.034000 0.034000
0 0.770000 0.778000 0.044000 0.036000
0 0.739000 0.817000 0.042000 0.054000
0 0.845000 0.829000 0.038000 0.034000
0 0.829000 0.853000 0.042000 0.038000
0 0.791000 0.898000 0.046000 0.048000
0 0.748000 0.980000 0.044000 0.040000
0 0.763000 0.954000 0.038000 0.032000
0 0.866000 0.952000 0.048000 0.056000
0 0.962000 0.960000 0.044000 0.044000
0 0.972000 0.633000 0.036000 0.046000
0 0.984000 0.613000 0.032000 0.046000
0 0.900000 0.584000 0.060000 0.064000
0 0.942000 0.542000 0.080000 0.056000
0 0.974000 0.478000 0.052000 0.048000
0 0.958000 0.503000 0.052000 0.042000
0 0.980000 0.420000 0.040000 0.044000
0 0.980000 0.285000 0.040000 0.050000
0 0.966000 0.316000 0.064000 0.044000
0 0.964000 0.349000 0.040000 0.046000
0 0.940000 0.374000 0.052000 0.056000
0 0.926000 0.408000 0.040000 0.060000
0 0.900000 0.453000 0.052000 0.050000
0 0.860000 0.516000 0.072000 0.040000
0 0.817000 0.535000 0.066000 0.058000
0 0.712000 0.524000 0.048000 0.052000
0 0.734000 0.501000 0.036000 0.050000
0 0.759000 0.472000 0.054000 0.044000
0 0.795000 0.430000 0.058000 0.052000
0 0.830000 0.391000 0.056000 0.062000
0 0.915000 0.253000 0.050000 0.050000
0 0.938000 0.207000 0.044000 0.058000
0 0.952000 0.177000 0.056000 0.046000
0 0.984000 0.147000 0.032000 0.054000
0 0.948000 0.038000 0.048000 0.056000
0 0.892000 0.138000 0.044000 0.056000
0 0.868000 0.172000 0.052000 0.040000
0 0.833000 0.210000 0.058000 0.052000
0 0.746000 0.362000 0.060000 0.040000
0 0.713000 0.361000 0.050000 0.022000
0 0.695000 0.421000 0.070000 0.070000
0 0.653000 0.478000 0.046000 0.060000
0 0.590000 0.394000 0.068000 0.064000
0 0.622000 0.354000 0.056000 0.064000
0 0.663000 0.283000 0.066000 0.054000
0 0.687000 0.241000 0.114000 0.094000
0 0.728000 0.205000 0.052000 0.070000
0 0.756000 0.165000 0.068000 0.070000
0 0.803000 0.099000 0.062000 0.070000
0 0.837000 0.067000 0.046000 0.050000
0 0.863000 0.014000 0.030000 0.028000
0 0.438000 0.955000 0.040000 0.030000