0 0.033000 0.039000 0.066000 0.078000
0 0.010000 0.093000 0.020000 0.070000
0 0.144000 0.011000 0.032000 0.022000
0 0.062000 0.127000 0.068000 0.058000
0 0.032000 0.156000 0.064000 0.052000
0 0.028000 0.194000 0.056000 0.048000
0 0.026000 0.237000 0.052000 0.074000
0 0.112000 0.049000 0.036000 0.030000
0 0.129000 0.029000 0.050000 0.034000
0 0.237000 0.022000 0.078000 0.044000
0 0.200000 0.057000 0.060000 0.070000
0 0.167000 0.111000 0.078000 0.078000
0 0.115000 0.194000 0.050000 0.048000
0 0.091000 0.231000 0.070000 0.070000
0 0.242000 0.071000 0.052000 0.050000
0 0.258000 0.164000 0.072000 0.060000
0 0.222000 0.193000 0.052000 0.058000
0 0.147000 0.218000 0.062000 0.064000
0 0.199000 0.239000 0.062000 0.054000
0 0.170000 0.278000 0.068000 0.072000
0 0.354000 0.155000 0.068000 0.058000
0 0.318000 0.176000 0.064000 0.048000
0 0.351000 0.211000 0.126000 0.066000
0 0.237000 0.336000 0.042000 0.048000
0 0.224000 0.389000 0.068000 0.086000
0 0.191000 0.443000 0.070000 0.078000
0 0.101000 0.402000 0.126000 0.068000
0 0.058000 0.463000 0.116000 0.102000
0 0.018000 0.519000 0.036000 0.066000
0 0.050000 0.749000 0.100000 0.094000
0 0.018000 0.837000 0.036000 0.050000
0 0.268000 0.473000 0.048000 0.062000
0 0.235000 0.517000 0.054000 0.062000
0 0.329000 0.347000 0.034000 0.038000
0 0.676000 0.021000 0.060000 0.042000
0 0.802000 0.097000 0.052000 0.066000
0 0.850000 0.037000 0.060000 0.074000
0 0.886000 0.010000 0.036000 0.020000
0 0.861000 0.197000 0.050000 0.070000
0 0.904000 0.169000 0.080000 0.070000
0 0.914000 0.135000 0.088000 0.066000
0 0.926000 0.112000 0.092000 0.052000
0 0.945000 0.077000 0.074000 0.050000
0 0.973000 0.050000 0.054000 0.044000
0 0.982000 0.023000 0.036000 0.046000
0 0.983000 0.162000 0.030000 0.036000
0 0.977000 0.187000 0.034000 0.038000
0 0.434000 0.369000 0.036000 0.038000
0 0.419000 0.391000 0.034000 0.038000
0 0.402000 0.412000 0.044000 0.028000
0 0.391000 0.437000 0.034000 0.050000
0 0.375000 0.460000 0.042000 0.032000
0 0.344000 0.500000 0.048000 0.044000
0 0.315000 0.550000 0.054000 0.056000
0 0.289000 0.583000 0.038000 0.030000
0 0.275000 0.601000 0.046000 0.042000
0 0.243000 0.640000 0.042000 0.044000
0 0.195000 0.707000 0.046000 0.042000
0 0.154000 0.783000 0.056000 0.062000
0 0.082000 0.866000 0.044000 0.044000
0 0.036000 0.974000 0.072000 0.052000
0 0.144000 0.973000 0.068000 0.050000
0 0.157000 0.935000 0.050000 0.050000
0 0.214000 0.852000 0.056000 0.048000
0 0.358000 0.789000 0.048000 0.034000
0 0.276000 0.903000 0.056000 0.046000
0 0.258000 0.924000 0.044000 0.044000
0 0.238000 0.977000 0.064000 0.046000
0 0.248000 0.948000 0.052000 0.036000
0 0.454000 0.652000 0.040000 0.032000
0 0.396000 0.595000 0.040000 0.038000
0 0.447000 0.511000 0.034000 0.050000
0 0.302000 0.411000 0.028000 0.030000
0 0.267000 0.302000 0.026000 0.028000
0 0.379000 0.291000 0.046000 0.034000
0 0.391000 0.258000 0.050000 0.028000
0 0.597000 0.433000 0.050000 0.046000
0 0.571000 0.485000 0.046000 0.042000
0 0.467000 0.474000 0.050000 0.028000
0 0.475000 0.452000 0.058000 0.032000
0 0.518000 0.405000 0.040000 0.030000
0 0.533000 0.378000 0.042000 0.040000
0 0.570000 0.304000 0.044000 0.036000
0 0.566000 0.327000 0.024000 0.042000
0 0.601000 0.282000 0.030000 0.036000
0 0.755000 0.395000 0.070000 0.046000
0 0.721000 0.461000 0.054000 0.050000
0 0.722000 0.412000 0.044000 0.040000
0 0.656000 0.493000 0.052000 0.042000
0 0.642000 0.544000 0.052000 0.056000
0 0.520000 0.545000 0.072000 0.038000
0 0.532000 0.517000 0.048000 0.038000
0 0.496000 0.587000 0.040000 0.022000
0 0.500000 0.563000 0.044000 0.030000
0 0.492000 0.620000 0.064000 0.032000
0 0.308000 0.857000 0.044000 0.042000
0 0.450000 0.826000 0.040000 0.028000
0 0.498000 0.744000 0.048000 0.036000
0 0.528000 0.691000 0.044000 0.054000
0 0.570000 0.649000 0.052000 0.050000
0 0.619000 0.570000 0.042000 0.036000
0 0.602000 0.736000 0.048000 0.040000
0 0.666000 0.647000 0.044000 0.042000
0 0.259000 0.797000 0.038000 0.038000
0 0.570000 0.952000 0.048000 0.048000
0 0.590000 0.911000 0.036000 0.046000
0 0.613000 0.882000 0.050000 0.056000
0 0.643000 0.825000 0.050000 0.058000
0 0.663000 0.811000 0.042000 0.042000
0 0.698000 0.770000 0.032000 0.040000
0 0.722000 0.734000 0.040000 0.032000
0 0.748000 0.696000 0.056000 0.044000
0 0.777000 0.641000 0.058000 0.066000
0 0.801000 0.616000 0.038000 0.060000
0 0.826000 0.586000 0.032000 0.032000
0 0.758000 0.538000 0.036000 0.040000
0 0.730000 0.584000 0.036000 0.032000
0 0.801000 0.463000 0.058000 0.046000
0 0.646000 0.600000 0.028000 0.024000
0 0.648000 0.681000 0.040000 0.042000
0 0.381000 0.925000 0.038000 0.030000
0 0.328000 0.980000 0.044000 0.040000
0 0.065000 0.907000 0.050000 0.038000
0 0.886000 0.488000 0.056000 0.048000
0 0.948000 0.565000 0.052000 0.046000
0 0.867000 0.633000 0.050000 0.058000
0 0.826000 0.727000 0.044000 0.050000
0 0.783000 0.789000 0.038000 0.042000
0 0.755000 0.855000 0.054000 0.066000
0 0.715000 0.895000 0.054000 0.062000
0 0.655000 0.930000 0.034000 0.060000
0 0.702000 0.968000 0.024000 0.028000
0 0.642000 0.980000 0.052000 0.040000
0 0.765000 0.976000 0.066000 0.044000
0 0.743000 0.988000 0.050000 0.024000
0 0.801000 0.921000 0.070000 0.054000
0 0.824000 0.884000 0.040000 0.052000
0 0.868000 0.836000 0.048000 0.048000
0 0.888000 0.794000 0.040000 0.044000
0 0.917000 0.745000 0.046000 0.046000
0 0.970000 0.679000 0.048000 0.046000
0 0.986000 0.651000 0.028000 0.058000
0 0.952000 0.839000 0.044000 0.054000
0 0.874000 0.943000 0.028000 0.058000
0 0.970000 0.983000 0.040000 0.034000
0 0.987000 0.965000 0.026000 0.054000
0 0.846000 0.989000 0.052000 0.022000
0 0.992000 0.772000 0.016000 0.040000
0 0.963000 0.216000 0.030000 0.032000
0 0.748000 0.058000 0.032000 0.044000
0 0.283000 0.080000 0.046000 0.036000