0 0.472000 0.288000 0.052000 0.068000
0 0.521000 0.204000 0.050000 0.056000
0 0.551000 0.177000 0.042000 0.054000
0 0.603000 0.073000 0.054000 0.038000
0 0.660000 0.148000 0.036000 0.048000
0 0.469000 0.124000 0.034000 0.036000
0 0.452000 0.154000 0.040000 0.028000
0 0.429000 0.190000 0.058000 0.048000
0 0.466000 0.174000 0.044000 0.032000
0 0.508000 0.042000 0.056000 0.040000
0 0.544000 0.012000 0.024000 0.024000
0 0.322000 0.074000 0.044000 0.040000
0 0.287000 0.115000 0.058000 0.046000
0 0.345000 0.194000 0.074000 0.052000
0 0.337000 0.234000 0.038000 0.068000
0 0.448000 0.013000 0.056000 0.026000
0 0.627000 0.013000 0.046000 0.026000
0 0.268000 0.020000 0.052000 0.028000
0 0.203000 0.027000 0.050000 0.046000
0 0.229000 0.163000 0.066000 0.070000
0 0.186000 0.097000 0.092000 0.070000
0 0.147000 0.033000 0.094000 0.066000