0 0.960000 0.121000 0.048000 0.078000
0 0.901000 0.057000 0.054000 0.066000
0 0.871000 0.095000 0.042000 0.046000
0 0.929000 0.158000 0.054000 0.060000
0 0.978000 0.253000 0.044000 0.054000
0 0.768000 0.062000 0.056000 0.032000
0 0.693000 0.033000 0.054000 0.050000
0 0.228000 0.107000 0.044000 0.046000
0 0.160000 0.060000 0.052000 0.056000
0 0.052000 0.234000 0.060000 0.044000
0 0.063000 0.457000 0.062000 0.066000
0 0.034000 0.474000 0.056000 0.048000
0 0.217000 0.450000 0.086000 0.104000
0 0.546000 0.205000 0.056000 0.058000
0 0.519000 0.232000 0.042000 0.032000
0 0.527000 0.273000 0.070000 0.034000
0 0.476000 0.342000 0.052000 0.056000
0 0.395000 0.454000 0.078000 0.056000
0 0.321000 0.654000 0.098000 0.096000
0 0.498000 0.434000 0.056000 0.048000
0 0.394000 0.603000 0.100000 0.058000