0 0.987000 0.982000 0.026000 0.036000
0 0.907000 0.977000 0.058000 0.046000
0 0.916000 0.948000 0.052000 0.044000
0 0.970000 0.911000 0.060000 0.066000
0 0.992000 0.844000 0.016000 0.060000
0 0.935000 0.779000 0.074000 0.054000
0 0.906000 0.817000 0.052000 0.054000
0 0.883000 0.868000 0.094000 0.084000
0 0.819000 0.971000 0.090000 0.058000
0 0.692000 0.977000 0.084000 0.046000
0 0.731000 0.954000 0.082000 0.056000
0 0.731000 0.911000 0.066000 0.054000
0 0.763000 0.897000 0.074000 0.074000
0 0.785000 0.852000 0.050000 0.056000
0 0.830000 0.796000 0.064000 0.064000
0 0.849000 0.752000 0.094000 0.068000
0 0.880000 0.710000 0.068000 0.072000
0 0.920000 0.673000 0.056000 0.050000
0 0.932000 0.643000 0.052000 0.054000
0 0.837000 0.625000 0.078000 0.066000
0 0.813000 0.656000 0.070000 0.052000
0 0.787000 0.680000 0.082000 0.052000
0 0.756000 0.711000 0.064000 0.070000
0 0.736000 0.760000 0.052000 0.072000
0 0.669000 0.874000 0.066000 0.052000
0 0.641000 0.912000 0.070000 0.048000
0 0.611000 0.949000 0.082000 0.058000
0 0.569000 0.852000 0.038000 0.036000
0 0.548000 0.879000 0.044000 0.038000
0 0.406000 0.921000 0.048000 0.054000
0 0.539000 0.765000 0.078000 0.058000
0 0.543000 0.724000 0.074000 0.064000
0 0.574000 0.678000 0.068000 0.068000
0 0.603000 0.661000 0.074000 0.074000
0 0.613000 0.606000 0.066000 0.060000
0 0.647000 0.583000 0.062000 0.062000
0 0.694000 0.538000 0.052000 0.060000
0 0.709000 0.491000 0.058000 0.062000
0 0.784000 0.545000 0.048000 0.050000
0 0.768000 0.571000 0.052000 0.038000
0 0.745000 0.594000 0.050000 0.044000
0 0.703000 0.663000 0.030000 0.054000
0 0.588000 0.828000 0.040000 0.056000
0 0.912000 0.497000 0.056000 0.058000
0 0.959000 0.465000 0.082000 0.062000
0 0.880000 0.408000 0.076000 0.100000
0 0.917000 0.333000 0.070000 0.078000
0 0.955000 0.285000 0.038000 0.058000
0 0.973000 0.261000 0.054000 0.066000
0 0.979000 0.177000 0.042000 0.050000
0 0.975000 0.214000 0.050000 0.060000
0 0.936000 0.130000 0.056000 0.068000
0 0.972000 0.111000 0.056000 0.074000
0 0.905000 0.258000 0.094000 0.072000
0 0.863000 0.281000 0.078000 0.058000
0 0.833000 0.314000 0.102000 0.080000
0 0.796000 0.387000 0.096000 0.090000
0 0.864000 0.203000 0.064000 0.066000
0 0.923000 0.024000 0.070000 0.048000
0 0.892000 0.079000 0.108000 0.066000
0 0.840000 0.150000 0.080000 0.080000
0 0.805000 0.213000 0.074000 0.058000
0 0.768000 0.252000 0.060000 0.048000
0 0.694000 0.343000 0.060000 0.050000
0 0.679000 0.381000 0.074000 0.058000
0 0.585000 0.476000 0.102000 0.088000
0 0.577000 0.515000 0.078000 0.058000
0 0.560000 0.558000 0.080000 0.056000
0 0.548000 0.606000 0.080000 0.080000
0 0.510000 0.654000 0.036000 0.040000
0 0.482000 0.677000 0.048000 0.050000
0 0.459000 0.718000 0.058000 0.048000
0 0.424000 0.748000 0.044000 0.048000
0 0.394000 0.786000 0.072000 0.060000
0 0.364000 0.828000 0.052000 0.044000
0 0.350000 0.861000 0.052000 0.054000
0 0.465000 0.847000 0.050000 0.026000
0 0.264000 0.843000 0.044000 0.062000
0 0.287000 0.820000 0.042000 0.048000
0 0.284000 0.763000 0.072000 0.058000
0 0.237000 0.812000 0.058000 0.044000
0 0.326000 0.777000 0.052000 0.070000
0 0.325000 0.700000 0.054000 0.056000
0 0.374000 0.720000 0.068000 0.072000
0 0.376000 0.654000 0.076000 0.052000
0 0.387000 0.626000 0.058000 0.060000
0 0.443000 0.609000 0.070000 0.106000
0 0.498000 0.491000 0.084000 0.078000
0 0.519000 0.451000 0.050000 0.050000
0 0.665000 0.279000 0.078000 0.090000
0 0.729000 0.213000 0.070000 0.062000
0 0.748000 0.161000 0.088000 0.066000
0 0.762000 0.097000 0.060000 0.086000
0 0.811000 0.059000 0.094000 0.078000
0 0.834000 0.021000 0.044000 0.042000
0 0.709000 0.030000 0.074000 0.056000
0 0.741000 0.015000 0.050000 0.030000
0 0.677000 0.086000 0.066000 0.044000
0 0.643000 0.101000 0.058000 0.046000
0 0.622000 0.145000 0.076000 0.078000
0 0.591000 0.187000 0.082000 0.066000
0 0.550000 0.234000 0.080000 0.072000
0 0.493000 0.350000 0.066000 0.068000
0 0.466000 0.385000 0.084000 0.070000
0 0.429000 0.433000 0.054000 0.046000
0 0.375000 0.435000 0.058000 0.062000
0 0.413000 0.471000 0.054000 0.058000
0 0.373000 0.492000 0.078000 0.100000
0 0.347000 0.540000 0.046000 0.040000
0 0.325000 0.569000 0.098000 0.054000
0 0.315000 0.597000 0.050000 0.046000
0 0.284000 0.619000 0.060000 0.062000
0 0.241000 0.693000 0.042000 0.062000
0 0.223000 0.717000 0.050000 0.038000
0 0.211000 0.770000 0.078000 0.072000
0 0.112000 0.722000 0.052000 0.064000
0 0.146000 0.658000 0.048000 0.048000
0 0.228000 0.543000 0.060000 0.058000
0 0.239000 0.514000 0.038000 0.044000
0 0.269000 0.485000 0.046000 0.046000
0 0.288000 0.465000 0.052000 0.054000
0 0.305000 0.436000 0.058000 0.048000
0 0.521000 0.154000 0.046000 0.052000
0 0.533000 0.116000 0.066000 0.072000
0 0.582000 0.056000 0.052000 0.048000
0 0.600000 0.020000 0.052000 0.040000
0 0.508000 0.017000 0.052000 0.034000
0 0.353000 0.260000 0.066000 0.056000
0 0.270000 0.327000 0.048000 0.050000
0 0.245000 0.377000 0.050000 0.042000
0 0.195000 0.467000 0.038000 0.050000
0 0.171000 0.497000 0.046000 0.034000
0 0.080000 0.620000 0.040000 0.052000
0 0.043000 0.661000 0.046000 0.058000
0 0.134000 0.533000 0.048000 0.038000
0 0.321000 0.284000 0.038000 0.044000
0 0.409000 0.010000 0.062000 0.020000
0 0.396000 0.032000 0.076000 0.036000
0 0.350000 0.066000 0.072000 0.036000
0 0.281000 0.167000 0.078000 0.046000
0 0.275000 0.189000 0.066000 0.050000
0 0.241000 0.225000 0.050000 0.038000
0 0.218000 0.252000 0.040000 0.048000
0 0.176000 0.308000 0.064000 0.040000
0 0.132000 0.366000 0.052000 0.044000
0 0.173000 0.351000 0.050000 0.062000
0 0.030000 0.546000 0.048000 0.052000
0 0.114000 0.418000 0.044000 0.032000
0 0.011000 0.588000 0.022000 0.060000
0 0.383000 0.334000 0.038000 0.032000
0 0.299000 0.021000 0.042000 0.042000
0 0.201000 0.136000 0.026000 0.020000
0 0.187000 0.166000 0.034000 0.040000
0 0.157000 0.205000 0.034000 0.026000
0 0.137000 0.226000 0.038000 0.032000
0 0.106000 0.122000 0.068000 0.064000
0 0.110000 0.177000 0.024000 0.038000
0 0.074000 0.163000 0.044000 0.066000
0 0.032000 0.220000 0.044000 0.044000
0 0.113000 0.254000 0.038000 0.028000
0 0.015000 0.119000 0.030000 0.058000
0 0.017000 0.437000 0.034000 0.054000
0 0.077000 0.467000 0.030000 0.038000
0 0.062000 0.362000 0.036000 0.036000
0 0.150000 0.065000 0.048000 0.038000
0 0.614000 0.330000 0.040000 0.028000
0 0.623000 0.273000 0.026000 0.042000
0 0.212000 0.294000 0.060000 0.056000
0 0.431000 0.107000 0.026000 0.034000
0 0.980000 0.692000 0.028000 0.072000
0 0.987000 0.527000 0.022000 0.050000