0 0.683000 0.778000 0.086000 0.084000
0 0.384000 0.983000 0.104000 0.034000
0 0.791000 0.779000 0.070000 0.074000
0 0.863000 0.866000 0.082000 0.084000
0 0.964000 0.515000 0.072000 0.106000
0 0.495000 0.614000 0.090000 0.088000
0 0.431000 0.523000 0.106000 0.050000
0 0.428000 0.487000 0.088000 0.070000
0 0.511000 0.552000 0.058000 0.072000
0 0.450000 0.420000 0.060000 0.064000
0 0.421000 0.375000 0.054000 0.054000
0 0.470000 0.369000 0.084000 0.082000
0 0.525000 0.384000 0.062000 0.064000
0 0.581000 0.288000 0.098000 0.072000
0 0.291000 0.430000 0.074000 0.092000
0 0.245000 0.308000 0.066000 0.068000
0 0.288000 0.255000 0.068000 0.082000
0 0.321000 0.220000 0.042000 0.048000
0 0.498000 0.279000 0.056000 0.038000
0 0.691000 0.121000 0.062000 0.098000
0 0.734000 0.119000 0.068000 0.070000
0 0.759000 0.208000 0.054000 0.048000
0 0.868000 0.241000 0.068000 0.062000
0 0.687000 0.375000 0.054000 0.066000
0 0.632000 0.383000 0.060000 0.054000
0 0.781000 0.248000 0.062000 0.044000
0 0.740000 0.242000 0.040000 0.040000
0 0.717000 0.273000 0.038000 0.042000
0 0.850000 0.302000 0.040000 0.048000
0 0.832000 0.255000 0.048000 0.038000
0 0.960000 0.074000 0.044000 0.052000
0 0.979000 0.050000 0.042000 0.048000
0 0.892000 0.042000 0.044000 0.024000
0 0.750000 0.390000 0.076000 0.076000
0 0.752000 0.518000 0.092000 0.088000
0 0.638000 0.483000 0.044000 0.058000
0 0.583000 0.499000 0.074000 0.046000
0 0.615000 0.575000 0.094000 0.030000
0 0.604000 0.607000 0.060000 0.046000
0 0.618000 0.714000 0.052000 0.060000
0 0.679000 0.621000 0.046000 0.070000
0 0.476000 0.136000 0.064000 0.028000
0 0.545000 0.036000 0.070000 0.056000
0 0.646000 0.219000 0.064000 0.078000
0 0.258000 0.139000 0.096000 0.074000
0 0.210000 0.192000 0.084000 0.076000
0 0.184000 0.249000 0.084000 0.050000
0 0.163000 0.288000 0.054000 0.072000
0 0.052000 0.284000 0.040000 0.048000
0 0.032000 0.305000 0.032000 0.030000
0 0.081000 0.259000 0.042000 0.046000
0 0.121000 0.204000 0.054000 0.068000
0 0.138000 0.177000 0.068000 0.070000
0 0.191000 0.074000 0.070000 0.080000
0 0.057000 0.015000 0.046000 0.030000
0 0.026000 0.053000 0.040000 0.046000
0 0.844000 0.713000 0.064000 0.050000