0 0.756000 0.046000 0.076000 0.060000
0 0.615000 0.222000 0.062000 0.068000
0 0.415000 0.329000 0.042000 0.042000
0 0.484000 0.281000 0.052000 0.030000
0 0.498000 0.236000 0.036000 0.032000
0 0.531000 0.206000 0.030000 0.036000
0 0.551000 0.123000 0.038000 0.042000
0 0.384000 0.233000 0.080000 0.054000
0 0.347000 0.246000 0.026000 0.020000
0 0.272000 0.255000 0.048000 0.038000
0 0.301000 0.370000 0.046000 0.052000
0 0.329000 0.173000 0.042000 0.030000
0 0.287000 0.206000 0.046000 0.036000
0 0.356000 0.137000 0.056000 0.058000
0 0.310000 0.065000 0.064000 0.058000
0 0.331000 0.024000 0.038000 0.044000
0 0.222000 0.160000 0.068000 0.040000
0 0.153000 0.256000 0.066000 0.084000
0 0.082000 0.220000 0.064000 0.048000
0 0.084000 0.162000 0.044000 0.044000
0 0.107000 0.176000 0.034000 0.044000
0 0.198000 0.054000 0.036000 0.044000
0 0.045000 0.060000 0.030000 0.036000
0 0.016000 0.038000 0.032000 0.056000
0 0.625000 0.536000 0.058000 0.064000