0 0.419000 0.971000 0.074000 0.058000
0 0.315000 0.964000 0.062000 0.072000
0 0.347000 0.606000 0.058000 0.072000
0 0.485000 0.439000 0.074000 0.118000
0 0.322000 0.356000 0.140000 0.116000
0 0.469000 0.093000 0.042000 0.070000
0 0.378000 0.252000 0.040000 0.040000
0 0.412000 0.237000 0.044000 0.078000
0 0.579000 0.252000 0.050000 0.080000
0 0.625000 0.332000 0.042000 0.036000
0 0.591000 0.353000 0.034000 0.034000
0 0.756000 0.338000 0.056000 0.048000
0 0.674000 0.411000 0.040000 0.042000
0 0.698000 0.386000 0.044000 0.044000
0 0.638000 0.441000 0.048000 0.038000
0 0.397000 0.642000 0.070000 0.092000
0 0.401000 0.569000 0.038000 0.078000
0 0.159000 0.806000 0.046000 0.064000
0 0.458000 0.740000 0.072000 0.088000
0 0.524000 0.763000 0.088000 0.082000
0 0.612000 0.714000 0.088000 0.096000
0 0.657000 0.614000 0.054000 0.060000
0 0.605000 0.565000 0.054000 0.070000
0 0.753000 0.638000 0.094000 0.052000
0 0.755000 0.675000 0.106000 0.078000
0 0.814000 0.540000 0.104000 0.056000
0 0.784000 0.580000 0.068000 0.080000
0 0.915000 0.692000 0.050000 0.072000
0 0.941000 0.745000 0.054000 0.102000
0 0.898000 0.764000 0.080000 0.040000
0 0.806000 0.753000 0.084000 0.086000
0 0.822000 0.702000 0.056000 0.072000
0 0.643000 0.816000 0.058000 0.064000
0 0.603000 0.844000 0.094000 0.048000
0 0.629000 0.930000 0.086000 0.076000
0 0.870000 0.972000 0.076000 0.056000
0 0.956000 0.951000 0.048000 0.098000
0 0.718000 0.964000 0.080000 0.072000
0 0.967000 0.618000 0.034000 0.052000