0 0.452000 0.054000 0.064000 0.052000
0 0.478000 0.023000 0.036000 0.046000
0 0.363000 0.198000 0.066000 0.044000
0 0.320000 0.287000 0.040000 0.050000
0 0.285000 0.303000 0.046000 0.058000
0 0.174000 0.488000 0.052000 0.044000
0 0.152000 0.510000 0.036000 0.048000
0 0.260000 0.353000 0.040000 0.038000
0 0.247000 0.373000 0.042000 0.034000
0 0.229000 0.413000 0.038000 0.038000
0 0.109000 0.558000 0.038000 0.048000
0 0.099000 0.584000 0.034000 0.024000
0 0.072000 0.605000 0.048000 0.046000
0 0.052000 0.627000 0.032000 0.030000
0 0.027000 0.665000 0.038000 0.026000
0 0.011000 0.709000 0.022000 0.030000
0 0.380000 0.163000 0.040000 0.042000
0 0.389000 0.021000 0.038000 0.042000
0 0.350000 0.068000 0.044000 0.048000
0 0.335000 0.090000 0.054000 0.044000
0 0.317000 0.118000 0.034000 0.044000
0 0.282000 0.178000 0.068000 0.064000
0 0.259000 0.207000 0.054000 0.046000
0 0.247000 0.245000 0.058000 0.058000
0 0.183000 0.314000 0.034000 0.060000
0 0.160000 0.376000 0.048000 0.036000
0 0.117000 0.441000 0.062000 0.050000
0 0.076000 0.474000 0.048000 0.052000
0 0.054000 0.501000 0.040000 0.042000
0 0.032000 0.536000 0.036000 0.036000
0 0.017000 0.555000 0.034000 0.030000
0 0.027000 0.399000 0.054000 0.050000
0 0.042000 0.369000 0.036000 0.054000
0 0.089000 0.299000 0.062000 0.070000
0 0.111000 0.258000 0.046000 0.044000
0 0.129000 0.219000 0.054000 0.062000
0 0.161000 0.201000 0.054000 0.058000
0 0.247000 0.066000 0.046000 0.040000
0 0.265000 0.022000 0.038000 0.032000
0 0.172000 0.027000 0.060000 0.054000
0 0.133000 0.075000 0.042000 0.038000
0 0.100000 0.122000 0.056000 0.056000
0 0.077000 0.158000 0.050000 0.036000
0 0.057000 0.178000 0.038000 0.048000
0 0.019000 0.092000 0.038000 0.056000
0 0.029000 0.050000 0.042000 0.040000
0 0.068000 0.023000 0.048000 0.046000
0 0.435000 0.132000 0.038000 0.048000
0 0.187000 0.149000 0.058000 0.050000
0 0.010000 0.274000 0.020000 0.036000
0 0.129000 0.402000 0.030000 0.040000