0 0.871000 0.988000 0.058000 0.024000
0 0.960000 0.877000 0.056000 0.058000
0 0.948000 0.763000 0.052000 0.046000
0 0.927000 0.790000 0.050000 0.056000
0 0.898000 0.819000 0.044000 0.038000
0 0.831000 0.921000 0.026000 0.030000
0 0.863000 0.873000 0.030000 0.030000
0 0.953000 0.582000 0.042000 0.052000
0 0.862000 0.729000 0.048000 0.038000
0 0.840000 0.756000 0.044000 0.032000
0 0.730000 0.914000 0.048000 0.044000
0 0.675000 0.979000 0.042000 0.042000
0 0.586000 0.968000 0.044000 0.040000
0 0.647000 0.867000 0.050000 0.038000
0 0.673000 0.843000 0.038000 0.042000
0 0.695000 0.809000 0.026000 0.038000
0 0.762000 0.702000 0.068000 0.076000
0 0.897000 0.509000 0.054000 0.034000
0 0.920000 0.489000 0.040000 0.042000
0 0.944000 0.459000 0.036000 0.042000
0 0.965000 0.429000 0.038000 0.058000
0 0.982000 0.408000 0.036000 0.056000
0 0.882000 0.375000 0.060000 0.038000
0 0.927000 0.298000 0.034000 0.028000
0 0.982000 0.228000 0.036000 0.036000
0 0.961000 0.116000 0.046000 0.044000
0 0.942000 0.139000 0.040000 0.042000
0 0.991000 0.036000 0.018000 0.040000
0 0.905000 0.202000 0.050000 0.048000
0 0.851000 0.256000 0.062000 0.040000
0 0.822000 0.326000 0.068000 0.052000
0 0.752000 0.404000 0.060000 0.060000
0 0.848000 0.447000 0.084000 0.046000
0 0.795000 0.484000 0.098000 0.060000
0 0.716000 0.466000 0.032000 0.036000
0 0.674000 0.522000 0.036000 0.040000
0 0.656000 0.546000 0.056000 0.048000
0 0.635000 0.580000 0.054000 0.036000
0 0.608000 0.624000 0.060000 0.060000
0 0.558000 0.708000 0.052000 0.048000
0 0.528000 0.733000 0.064000 0.062000
0 0.498000 0.779000 0.048000 0.046000
0 0.760000 0.579000 0.040000 0.038000
0 0.739000 0.598000 0.050000 0.036000
0 0.718000 0.630000 0.052000 0.036000
0 0.694000 0.655000 0.064000 0.050000
0 0.682000 0.706000 0.072000 0.056000
0 0.653000 0.723000 0.058000 0.046000
0 0.633000 0.750000 0.066000 0.044000
0 0.609000 0.762000 0.078000 0.044000
0 0.600000 0.789000 0.064000 0.042000
0 0.883000 0.689000 0.038000 0.042000
0 0.799000 0.652000 0.038000 0.040000
0 0.992000 0.491000 0.016000 0.026000
0 0.793000 0.370000 0.038000 0.048000
0 0.921000 0.014000 0.038000 0.028000
0 0.886000 0.063000 0.044000 0.042000
0 0.877000 0.098000 0.058000 0.036000
0 0.823000 0.152000 0.030000 0.036000
0 0.809000 0.192000 0.042000 0.044000
0 0.750000 0.282000 0.032000 0.028000
0 0.777000 0.224000 0.038000 0.024000
0 0.468000 0.820000 0.064000 0.060000
0 0.436000 0.876000 0.044000 0.036000
0 0.414000 0.899000 0.052000 0.046000
0 0.583000 0.827000 0.046000 0.054000
0 0.563000 0.856000 0.042000 0.052000
0 0.535000 0.876000 0.030000 0.048000
0 0.560000 0.888000 0.040000 0.064000
0 0.518000 0.911000 0.044000 0.042000
0 0.513000 0.971000 0.050000 0.030000
0 0.474000 0.965000 0.060000 0.042000
0 0.460000 0.984000 0.072000 0.032000
0 0.318000 0.871000 0.052000 0.062000
0 0.405000 0.749000 0.050000 0.034000
0 0.671000 0.255000 0.042000 0.034000
0 0.702000 0.181000 0.052000 0.038000
0 0.741000 0.140000 0.054000 0.032000
0 0.701000 0.060000 0.034000 0.036000
0 0.683000 0.054000 0.038000 0.020000
0 0.656000 0.088000 0.076000 0.032000
0 0.629000 0.131000 0.030000 0.058000
0 0.572000 0.224000 0.040000 0.056000
0 0.414000 0.426000 0.032000 0.064000
0 0.398000 0.474000 0.040000 0.036000
0 0.372000 0.493000 0.036000 0.046000
0 0.321000 0.570000 0.050000 0.052000
0 0.276000 0.639000 0.040000 0.038000
0 0.241000 0.531000 0.042000 0.038000
0 0.218000 0.556000 0.060000 0.036000
0 0.351000 0.410000 0.042000 0.048000
0 0.349000 0.375000 0.038000 0.038000
0 0.358000 0.340000 0.024000 0.040000
0 0.379000 0.321000 0.030000 0.050000
0 0.435000 0.410000 0.046000 0.040000
0 0.451000 0.217000 0.030000 0.050000
0 0.464000 0.204000 0.040000 0.040000
0 0.490000 0.176000 0.028000 0.024000
0 0.512000 0.156000 0.048000 0.048000
0 0.567000 0.078000 0.066000 0.052000
0 0.605000 0.013000 0.034000 0.026000
0 0.585000 0.053000 0.038000 0.038000
0 0.515000 0.006000 0.022000 0.012000
0 0.493000 0.022000 0.034000 0.028000
0 0.467000 0.068000 0.062000 0.052000
0 0.441000 0.134000 0.090000 0.056000
0 0.393000 0.149000 0.042000 0.030000
0 0.362000 0.191000 0.048000 0.042000
0 0.310000 0.281000 0.056000 0.046000
0 0.292000 0.299000 0.076000 0.066000
0 0.264000 0.342000 0.060000 0.052000
0 0.245000 0.364000 0.062000 0.060000
0 0.209000 0.424000 0.054000 0.044000
0 0.171000 0.489000 0.062000 0.038000
0 0.086000 0.592000 0.036000 0.036000
0 0.073000 0.632000 0.062000 0.036000
0 0.037000 0.662000 0.038000 0.052000
0 0.019000 0.692000 0.038000 0.044000
0 0.231000 0.693000 0.034000 0.050000
0 0.348000 0.537000 0.036000 0.046000
0 0.519000 0.272000 0.030000 0.032000
0 0.391000 0.024000 0.066000 0.048000
0 0.335000 0.088000 0.054000 0.028000
0 0.318000 0.107000 0.036000 0.054000
0 0.301000 0.143000 0.046000 0.054000
0 0.240000 0.220000 0.072000 0.088000
0 0.209000 0.266000 0.038000 0.060000
0 0.180000 0.306000 0.080000 0.064000
0 0.150000 0.364000 0.044000 0.064000
0 0.123000 0.399000 0.042000 0.066000
0 0.084000 0.457000 0.056000 0.050000
0 0.056000 0.488000 0.052000 0.052000
0 0.019000 0.543000 0.022000 0.034000
0 0.005000 0.414000 0.010000 0.044000
0 0.019000 0.383000 0.038000 0.042000
0 0.034000 0.360000 0.032000 0.052000
0 0.054000 0.338000 0.028000 0.040000
0 0.094000 0.303000 0.052000 0.042000
0 0.101000 0.268000 0.050000 0.052000
0 0.145000 0.238000 0.054000 0.072000
0 0.230000 0.105000 0.040000 0.066000
0 0.259000 0.028000 0.054000 0.056000
0 0.285000 0.015000 0.046000 0.030000
0 0.165000 0.016000 0.042000 0.032000
0 0.075000 0.200000 0.046000 0.048000
0 0.032000 0.244000 0.040000 0.056000
0 0.019000 0.266000 0.038000 0.040000
0 0.009000 0.986000 0.018000 0.028000
0 0.918000 0.949000 0.036000 0.030000