0 0.516000 0.956000 0.044000 0.032000
0 0.498000 0.986000 0.040000 0.028000
0 0.790000 0.871000 0.048000 0.050000
0 0.844000 0.800000 0.052000 0.056000
0 0.870000 0.758000 0.056000 0.040000
0 0.919000 0.810000 0.054000 0.064000
0 0.824000 0.831000 0.040000 0.050000
0 0.967000 0.768000 0.042000 0.052000
0 0.918000 0.681000 0.036000 0.058000
0 0.940000 0.659000 0.036000 0.066000
0 0.968000 0.614000 0.032000 0.040000
0 0.988000 0.577000 0.024000 0.054000
0 0.950000 0.489000 0.048000 0.050000
0 0.927000 0.523000 0.054000 0.058000
0 0.815000 0.675000 0.046000 0.038000
0 0.733000 0.791000 0.054000 0.082000
0 0.734000 0.651000 0.048000 0.030000
0 0.763000 0.598000 0.066000 0.060000
0 0.779000 0.573000 0.030000 0.042000
0 0.800000 0.554000 0.048000 0.044000
0 0.826000 0.499000 0.044000 0.042000
0 0.810000 0.518000 0.048000 0.040000
0 0.867000 0.467000 0.050000 0.050000
0 0.874000 0.438000 0.040000 0.048000
0 0.904000 0.390000 0.040000 0.052000
0 0.851000 0.308000 0.078000 0.076000
0 0.925000 0.214000 0.030000 0.032000
0 0.946000 0.199000 0.040000 0.026000
0 0.821000 0.224000 0.042000 0.036000
0 0.796000 0.251000 0.052000 0.046000
0 0.769000 0.263000 0.046000 0.038000
0 0.754000 0.297000 0.044000 0.046000
0 0.739000 0.324000 0.046000 0.052000
0 0.690000 0.379000 0.036000 0.034000
0 0.646000 0.467000 0.044000 0.030000
0 0.598000 0.532000 0.048000 0.048000
0 0.576000 0.565000 0.044000 0.058000
0 0.503000 0.620000 0.074000 0.056000
0 0.496000 0.657000 0.060000 0.058000
0 0.632000 0.655000 0.048000 0.054000
0 0.633000 0.634000 0.030000 0.048000
0 0.652000 0.607000 0.056000 0.050000
0 0.698000 0.550000 0.048000 0.052000
0 0.724000 0.493000 0.072000 0.058000
0 0.758000 0.510000 0.040000 0.032000
0 0.775000 0.440000 0.058000 0.056000
0 0.809000 0.404000 0.062000 0.056000
0 0.805000 0.372000 0.034000 0.044000
0 0.969000 0.159000 0.054000 0.066000
0 0.985000 0.115000 0.030000 0.058000
0 0.965000 0.017000 0.038000 0.034000
0 0.922000 0.071000 0.064000 0.058000
0 0.892000 0.112000 0.040000 0.040000
0 0.870000 0.151000 0.048000 0.054000
0 0.835000 0.018000 0.050000 0.036000
0 0.800000 0.036000 0.068000 0.064000
0 0.729000 0.156000 0.038000 0.028000
0 0.691000 0.245000 0.038000 0.030000
0 0.636000 0.306000 0.056000 0.056000
0 0.551000 0.449000 0.058000 0.038000
0 0.516000 0.501000 0.056000 0.082000
0 0.470000 0.564000 0.036000 0.040000
0 0.451000 0.600000 0.042000 0.036000
0 0.672000 0.440000 0.036000 0.036000
0 0.992000 0.427000 0.016000 0.066000
0 0.545000 0.292000 0.042000 0.052000
0 0.580000 0.255000 0.044000 0.074000
0 0.602000 0.190000 0.044000 0.040000
0 0.634000 0.165000 0.056000 0.062000
0 0.753000 0.025000 0.078000 0.046000
0 0.499000 0.075000 0.038000 0.038000
0 0.426000 0.177000 0.048000 0.030000
0 0.458000 0.255000 0.044000 0.054000
0 0.480000 0.232000 0.032000 0.044000
0 0.384000 0.221000 0.028000 0.046000
0 0.398000 0.211000 0.044000 0.038000
0 0.361000 0.251000 0.046000 0.050000
0 0.315000 0.316000 0.046000 0.076000
0 0.340000 0.283000 0.044000 0.042000
0 0.324000 0.451000 0.072000 0.078000
0 0.342000 0.407000 0.052000 0.050000
0 0.288000 0.350000 0.056000 0.056000
0 0.265000 0.382000 0.066000 0.064000
0 0.207000 0.340000 0.038000 0.032000
0 0.288000 0.514000 0.052000 0.032000
0 0.286000 0.546000 0.044000 0.048000
0 0.437000 0.446000 0.046000 0.048000
0 0.510000 0.347000 0.036000 0.038000
0 0.722000 0.183000 0.020000 0.034000
0 0.314000 0.178000 0.056000 0.040000
0 0.348000 0.131000 0.036000 0.034000
0 0.284000 0.213000 0.040000 0.030000
0 0.187000 0.208000 0.058000 0.036000
0 0.210000 0.172000 0.064000 0.044000
0 0.233000 0.129000 0.042000 0.034000
0 0.248000 0.107000 0.036000 0.042000
0 0.272000 0.070000 0.044000 0.040000
0 0.298000 0.052000 0.048000 0.040000
0 0.315000 0.022000 0.038000 0.040000
0 0.167000 0.229000 0.058000 0.054000
0 0.151000 0.257000 0.038000 0.030000
0 0.135000 0.298000 0.042000 0.036000
0 0.113000 0.314000 0.050000 0.032000
0 0.094000 0.339000 0.048000 0.034000
0 0.079000 0.371000 0.062000 0.062000
0 0.037000 0.245000 0.058000 0.050000
0 0.015000 0.278000 0.022000 0.040000
0 0.078000 0.184000 0.044000 0.048000
0 0.102000 0.177000 0.020000 0.042000
0 0.170000 0.075000 0.048000 0.034000
0 0.177000 0.046000 0.026000 0.044000
0 0.203000 0.020000 0.046000 0.040000
0 0.093000 0.055000 0.046000 0.034000
0 0.109000 0.017000 0.026000 0.030000
0 0.060000 0.085000 0.024000 0.046000
0 0.018000 0.009000 0.036000 0.018000
0 0.186000 0.361000 0.044000 0.038000
0 0.179000 0.389000 0.050000 0.046000
0 0.227000 0.437000 0.046000 0.038000
0 0.043000 0.105000 0.034000 0.034000
0 0.568000 0.077000 0.028000 0.042000
0 0.451000 0.944000 0.038000 0.044000
0 0.421000 0.966000 0.062000 0.040000
0 0.368000 0.988000 0.020000 0.024000
0 0.276000 0.987000 0.024000 0.026000
0 0.297000 0.971000 0.062000 0.042000
0 0.308000 0.950000 0.028000 0.048000
0 0.338000 0.935000 0.036000 0.050000
0 0.365000 0.865000 0.074000 0.058000
0 0.268000 0.864000 0.048000 0.044000
0 0.122000 0.914000 0.060000 0.040000
0 0.152000 0.892000 0.052000 0.036000
0 0.213000 0.755000 0.038000 0.038000
0 0.202000 0.798000 0.028000 0.024000
0 0.104000 0.961000 0.068000 0.062000
0 0.064000 0.985000 0.044000 0.030000
0 0.034000 0.871000 0.044000 0.030000
0 0.039000 0.845000 0.034000 0.038000
0 0.083000 0.801000 0.034000 0.034000
0 0.101000 0.769000 0.042000 0.042000
0 0.128000 0.713000 0.032000 0.050000
0 0.156000 0.725000 0.060000 0.066000
0 0.061000 0.700000 0.074000 0.052000
0 0.484000 0.389000 0.032000 0.022000