0 0.468000 0.976000 0.072000 0.048000
0 0.509000 0.912000 0.058000 0.032000
0 0.534000 0.876000 0.056000 0.044000
0 0.578000 0.853000 0.048000 0.042000
0 0.631000 0.780000 0.030000 0.048000
0 0.659000 0.766000 0.046000 0.052000
0 0.837000 0.507000 0.058000 0.046000
0 0.885000 0.434000 0.038000 0.052000
0 0.930000 0.373000 0.056000 0.042000
0 0.935000 0.329000 0.050000 0.042000
0 0.970000 0.424000 0.048000 0.060000
0 0.940000 0.479000 0.048000 0.046000
0 0.930000 0.503000 0.040000 0.038000
0 0.899000 0.559000 0.038000 0.042000
0 0.868000 0.572000 0.036000 0.036000
0 0.867000 0.603000 0.038000 0.054000
0 0.972000 0.592000 0.052000 0.040000
0 0.957000 0.616000 0.066000 0.040000
0 0.929000 0.668000 0.078000 0.052000
0 0.957000 0.639000 0.058000 0.050000
0 0.722000 0.775000 0.056000 0.038000
0 0.722000 0.811000 0.044000 0.054000
0 0.705000 0.845000 0.058000 0.046000
0 0.657000 0.895000 0.046000 0.038000
0 0.800000 0.859000 0.052000 0.054000
0 0.773000 0.885000 0.070000 0.046000
0 0.756000 0.925000 0.056000 0.066000
0 0.741000 0.956000 0.054000 0.048000
0 0.713000 0.968000 0.078000 0.064000
0 0.876000 0.916000 0.060000 0.052000
0 0.857000 0.935000 0.062000 0.054000
0 0.836000 0.964000 0.064000 0.048000
0 0.813000 0.984000 0.070000 0.032000
0 0.945000 0.949000 0.058000 0.054000
0 0.920000 0.975000 0.068000 0.050000
0 0.985000 0.981000 0.030000 0.038000