0 0.076000 0.121000 0.072000 0.074000
0 0.100000 0.149000 0.092000 0.094000
0 0.349000 0.039000 0.058000 0.066000
0 0.341000 0.242000 0.066000 0.044000
0 0.311000 0.292000 0.078000 0.072000
0 0.430000 0.460000 0.064000 0.052000
0 0.443000 0.405000 0.046000 0.038000
0 0.403000 0.268000 0.046000 0.044000
0 0.401000 0.301000 0.042000 0.046000
0 0.473000 0.202000 0.050000 0.060000
0 0.545000 0.090000 0.070000 0.068000
0 0.562000 0.053000 0.052000 0.038000
0 0.658000 0.129000 0.060000 0.050000
0 0.604000 0.192000 0.068000 0.056000
0 0.538000 0.289000 0.060000 0.038000
0 0.519000 0.304000 0.054000 0.044000
0 0.501000 0.341000 0.054000 0.058000
0 0.483000 0.380000 0.054000 0.048000
0 0.551000 0.454000 0.058000 0.068000
0 0.571000 0.403000 0.054000 0.054000
0 0.618000 0.337000 0.048000 0.050000
0 0.631000 0.283000 0.038000 0.054000
0 0.662000 0.282000 0.060000 0.064000
0 0.723000 0.207000 0.046000 0.070000
0 0.688000 0.228000 0.048000 0.068000
0 0.642000 0.445000 0.052000 0.054000
0 0.675000 0.395000 0.050000 0.050000
0 0.741000 0.296000 0.082000 0.080000
0 0.699000 0.357000 0.050000 0.050000
0 0.781000 0.254000 0.046000 0.048000
0 0.815000 0.204000 0.058000 0.040000
0 0.847000 0.151000 0.042000 0.062000
0 0.818000 0.166000 0.044000 0.060000
0 0.464000 0.122000 0.024000 0.032000
0 0.531000 0.168000 0.034000 0.056000
0 0.912000 0.211000 0.044000 0.050000
0 0.891000 0.253000 0.058000 0.058000
0 0.848000 0.288000 0.076000 0.060000
0 0.859000 0.329000 0.034000 0.054000
0 0.823000 0.347000 0.038000 0.078000
0 0.789000 0.385000 0.066000 0.082000
0 0.751000 0.447000 0.074000 0.082000
0 0.718000 0.480000 0.052000 0.032000
0 0.705000 0.522000 0.058000 0.060000