0 0.632000 0.980000 0.044000 0.040000
0 0.688000 0.938000 0.052000 0.064000
0 0.774000 0.822000 0.040000 0.052000
0 0.793000 0.787000 0.046000 0.046000
0 0.841000 0.712000 0.054000 0.052000
0 0.906000 0.611000 0.040000 0.054000
0 0.936000 0.576000 0.048000 0.044000
0 0.984000 0.502000 0.032000 0.060000
0 0.973000 0.535000 0.050000 0.030000
0 0.977000 0.615000 0.046000 0.042000
0 0.979000 0.656000 0.042000 0.068000
0 0.945000 0.761000 0.074000 0.090000
0 0.906000 0.790000 0.032000 0.040000
0 0.837000 0.872000 0.042000 0.048000
0 0.819000 0.914000 0.062000 0.064000
0 0.789000 0.939000 0.054000 0.046000
0 0.879000 0.960000 0.042000 0.060000
0 0.899000 0.927000 0.038000 0.042000
0 0.929000 0.895000 0.046000 0.050000
0 0.955000 0.856000 0.038000 0.036000
0 0.977000 0.805000 0.038000 0.070000
0 0.984000 0.914000 0.032000 0.056000
0 0.980000 0.950000 0.040000 0.052000
0 0.592000 0.919000 0.072000 0.058000
0 0.561000 0.952000 0.042000 0.048000
0 0.516000 0.985000 0.060000 0.030000
0 0.706000 0.779000 0.052000 0.042000
0 0.687000 0.754000 0.070000 0.052000
0 0.760000 0.700000 0.044000 0.036000
0 0.875000 0.520000 0.050000 0.056000
0 0.958000 0.400000 0.036000 0.044000
0 0.982000 0.344000 0.036000 0.060000
0 0.959000 0.228000 0.030000 0.040000
0 0.980000 0.196000 0.040000 0.048000
0 0.466000 0.921000 0.036000 0.042000
0 0.500000 0.887000 0.044000 0.054000
0 0.533000 0.833000 0.050000 0.066000
0 0.573000 0.777000 0.058000 0.062000
0 0.611000 0.715000 0.038000 0.046000
0 0.895000 0.343000 0.058000 0.050000
0 0.840000 0.307000 0.048000 0.038000
0 0.788000 0.320000 0.084000 0.064000
0 0.763000 0.371000 0.054000 0.050000
0 0.709000 0.432000 0.046000 0.052000
0 0.731000 0.406000 0.038000 0.032000
0 0.350000 0.932000 0.056000 0.068000
0 0.435000 0.826000 0.054000 0.072000
0 0.399000 0.876000 0.062000 0.076000
0 0.460000 0.792000 0.032000 0.036000
0 0.482000 0.764000 0.040000 0.028000
0 0.502000 0.733000 0.028000 0.034000
0 0.535000 0.648000 0.066000 0.068000
0 0.590000 0.664000 0.056000 0.064000
0 0.846000 0.277000 0.064000 0.050000
0 0.834000 0.236000 0.056000 0.044000
0 0.870000 0.188000 0.072000 0.056000
0 0.893000 0.219000 0.050000 0.046000
0 0.914000 0.142000 0.048000 0.048000
0 0.917000 0.173000 0.034000 0.030000
0 0.942000 0.171000 0.040000 0.050000
0 0.937000 0.115000 0.046000 0.066000
0 0.956000 0.086000 0.020000 0.040000
0 0.713000 0.603000 0.038000 0.034000
0 0.735000 0.586000 0.038000 0.036000
0 0.748000 0.544000 0.036000 0.036000
0 0.763000 0.515000 0.034000 0.022000
0 0.682000 0.468000 0.044000 0.036000
0 0.914000 0.017000 0.032000 0.034000
0 0.890000 0.032000 0.040000 0.052000
0 0.858000 0.056000 0.056000 0.032000
0 0.844000 0.080000 0.052000 0.056000
0 0.830000 0.110000 0.036000 0.040000
0 0.786000 0.173000 0.052000 0.046000
0 0.776000 0.210000 0.056000 0.044000
0 0.748000 0.236000 0.040000 0.040000
0 0.723000 0.268000 0.054000 0.052000
0 0.675000 0.316000 0.046000 0.040000
0 0.657000 0.346000 0.034000 0.040000
0 0.638000 0.381000 0.040000 0.034000
0 0.603000 0.435000 0.038000 0.026000
0 0.560000 0.488000 0.048000 0.040000
0 0.581000 0.461000 0.034000 0.038000
0 0.531000 0.537000 0.054000 0.034000
0 0.544000 0.512000 0.040000 0.028000
0 0.467000 0.624000 0.066000 0.044000
0 0.431000 0.656000 0.066000 0.052000
0 0.426000 0.698000 0.036000 0.052000
0 0.393000 0.727000 0.062000 0.054000
0 0.374000 0.773000 0.048000 0.042000
0 0.357000 0.815000 0.086000 0.062000
0 0.290000 0.874000 0.048000 0.060000
0 0.317000 0.847000 0.042000 0.042000
0 0.274000 0.916000 0.040000 0.052000
0 0.232000 0.903000 0.068000 0.022000
0 0.249000 0.944000 0.046000 0.056000
0 0.200000 0.863000 0.052000 0.050000
0 0.217000 0.827000 0.042000 0.042000
0 0.297000 0.718000 0.046000 0.036000
0 0.336000 0.658000 0.040000 0.028000
0 0.385000 0.603000 0.034000 0.026000
0 0.403000 0.556000 0.038000 0.052000
0 0.430000 0.539000 0.064000 0.046000
0 0.452000 0.510000 0.040000 0.040000
0 0.448000 0.463000 0.068000 0.070000
0 0.512000 0.454000 0.072000 0.052000
0 0.528000 0.388000 0.052000 0.052000
0 0.552000 0.368000 0.044000 0.048000
0 0.582000 0.348000 0.068000 0.052000
0 0.611000 0.285000 0.046000 0.062000
0 0.627000 0.259000 0.050000 0.050000
0 0.656000 0.236000 0.048000 0.044000
0 0.660000 0.202000 0.064000 0.048000
0 0.694000 0.186000 0.060000 0.044000
0 0.698000 0.139000 0.060000 0.046000
0 0.735000 0.117000 0.074000 0.062000
0 0.740000 0.082000 0.048000 0.052000
0 0.765000 0.058000 0.062000 0.044000
0 0.800000 0.025000 0.052000 0.046000
0 0.817000 0.011000 0.050000 0.022000
0 0.671000 0.023000 0.042000 0.034000
0 0.655000 0.050000 0.050000 0.056000
0 0.634000 0.078000 0.060000 0.060000
0 0.630000 0.126000 0.036000 0.056000
0 0.587000 0.142000 0.046000 0.048000
0 0.576000 0.184000 0.044000 0.056000
0 0.558000 0.210000 0.044000 0.052000
0 0.529000 0.254000 0.054000 0.052000
0 0.500000 0.258000 0.048000 0.044000
0 0.426000 0.383000 0.052000 0.042000
0 0.395000 0.410000 0.102000 0.072000
0 0.364000 0.461000 0.056000 0.066000
0 0.342000 0.509000 0.048000 0.070000
0 0.301000 0.552000 0.062000 0.044000
0 0.268000 0.588000 0.068000 0.076000
0 0.255000 0.633000 0.046000 0.050000
0 0.232000 0.659000 0.036000 0.034000
0 0.204000 0.710000 0.064000 0.052000
0 0.162000 0.729000 0.048000 0.046000
0 0.144000 0.760000 0.052000 0.052000
0 0.128000 0.794000 0.056000 0.036000
0 0.096000 0.813000 0.064000 0.050000
0 0.097000 0.688000 0.038000 0.048000
0 0.105000 0.655000 0.058000 0.050000
0 0.134000 0.630000 0.044000 0.044000
0 0.157000 0.615000 0.054000 0.042000
0 0.557000 0.020000 0.046000 0.036000
0 0.536000 0.034000 0.040000 0.040000
0 0.554000 0.044000 0.040000 0.036000
0 0.530000 0.070000 0.048000 0.052000
0 0.511000 0.111000 0.046000 0.046000
0 0.493000 0.147000 0.058000 0.042000
0 0.475000 0.171000 0.038000 0.042000
0 0.444000 0.198000 0.052000 0.052000
0 0.414000 0.117000 0.072000 0.066000
0 0.454000 0.028000 0.068000 0.056000
0 0.438000 0.066000 0.060000 0.056000
0 0.330000 0.340000 0.064000 0.056000
0 0.310000 0.397000 0.100000 0.074000
0 0.267000 0.430000 0.090000 0.052000
0 0.284000 0.466000 0.084000 0.052000
0 0.237000 0.510000 0.070000 0.092000
0 0.193000 0.533000 0.034000 0.046000
0 0.178000 0.558000 0.032000 0.032000
0 0.095000 0.530000 0.054000 0.060000
0 0.168000 0.418000 0.056000 0.028000
0 0.195000 0.399000 0.046000 0.050000
0 0.219000 0.368000 0.058000 0.048000
0 0.230000 0.290000 0.040000 0.052000