0 0.132000 0.974000 0.052000 0.052000
0 0.255000 0.797000 0.038000 0.050000
0 0.162000 0.937000 0.032000 0.042000
0 0.301000 0.711000 0.058000 0.058000
0 0.418000 0.548000 0.068000 0.056000
0 0.475000 0.453000 0.042000 0.030000
0 0.457000 0.523000 0.042000 0.046000
0 0.508000 0.442000 0.044000 0.040000
0 0.556000 0.391000 0.044000 0.046000
0 0.527000 0.357000 0.034000 0.030000
0 0.568000 0.357000 0.028000 0.038000
0 0.572000 0.322000 0.052000 0.040000
0 0.609000 0.248000 0.046000 0.056000
0 0.642000 0.270000 0.044000 0.036000
0 0.658000 0.214000 0.044000 0.060000
0 0.703000 0.179000 0.042000 0.042000
0 0.710000 0.107000 0.036000 0.058000
0 0.742000 0.128000 0.056000 0.056000
0 0.032000 0.054000 0.040000 0.036000
0 0.015000 0.083000 0.030000 0.062000
0 0.305000 0.112000 0.050000 0.052000
0 0.234000 0.061000 0.028000 0.030000
0 0.270000 0.033000 0.048000 0.042000
0 0.216000 0.221000 0.032000 0.022000
0 0.261000 0.173000 0.050000 0.050000
0 0.310000 0.204000 0.052000 0.056000
0 0.279000 0.293000 0.050000 0.038000