0 0.947000 0.983000 0.058000 0.034000
0 0.971000 0.949000 0.050000 0.046000
0 0.984000 0.896000 0.032000 0.040000
0 0.986000 0.866000 0.028000 0.024000
0 0.982000 0.744000 0.036000 0.040000
0 0.972000 0.780000 0.056000 0.052000
0 0.950000 0.820000 0.052000 0.040000
0 0.932000 0.844000 0.040000 0.032000
0 0.903000 0.883000 0.030000 0.034000
0 0.861000 0.925000 0.070000 0.082000
0 0.833000 0.963000 0.038000 0.042000
0 0.822000 0.987000 0.060000 0.026000
0 0.955000 0.663000 0.030000 0.038000
0 0.974000 0.644000 0.028000 0.036000
0 0.926000 0.697000 0.052000 0.046000
0 0.905000 0.726000 0.046000 0.040000
0 0.880000 0.751000 0.044000 0.038000
0 0.867000 0.770000 0.058000 0.040000
0 0.850000 0.794000 0.056000 0.032000
0 0.842000 0.815000 0.052000 0.038000
0 0.826000 0.842000 0.052000 0.048000
0 0.806000 0.872000 0.040000 0.036000
0 0.787000 0.900000 0.054000 0.048000
0 0.740000 0.961000 0.028000 0.042000
0 0.898000 0.594000 0.028000 0.028000
0 0.871000 0.622000 0.062000 0.048000
0 0.849000 0.657000 0.050000 0.034000
0 0.806000 0.689000 0.048000 0.058000
0 0.768000 0.772000 0.072000 0.084000
0 0.737000 0.814000 0.046000 0.040000
0 0.721000 0.850000 0.054000 0.044000
0 0.703000 0.870000 0.062000 0.072000
0 0.666000 0.918000 0.072000 0.068000
0 0.639000 0.959000 0.066000 0.078000
0 0.585000 0.992000 0.018000 0.016000
0 0.990000 0.426000 0.020000 0.020000
0 0.989000 0.316000 0.022000 0.044000
0 0.850000 0.160000 0.040000 0.048000
0 0.853000 0.198000 0.078000 0.040000
0 0.744000 0.189000 0.080000 0.058000
0 0.869000 0.012000 0.054000 0.024000
0 0.603000 0.059000 0.074000 0.046000
0 0.607000 0.095000 0.090000 0.058000
0 0.658000 0.032000 0.040000 0.020000
0 0.659000 0.018000 0.038000 0.036000
0 0.536000 0.018000 0.048000 0.036000
0 0.506000 0.052000 0.048000 0.032000
0 0.431000 0.020000 0.034000 0.040000
0 0.461000 0.012000 0.042000 0.024000
0 0.825000 0.505000 0.066000 0.034000
0 0.820000 0.527000 0.056000 0.038000
0 0.808000 0.561000 0.048000 0.038000
0 0.776000 0.615000 0.036000 0.046000
0 0.746000 0.642000 0.048000 0.044000
0 0.723000 0.675000 0.042000 0.046000
0 0.748000 0.669000 0.028000 0.030000
0 0.685000 0.726000 0.042000 0.040000
0 0.660000 0.756000 0.040000 0.032000
0 0.643000 0.792000 0.054000 0.056000
0 0.621000 0.820000 0.034000 0.048000
0 0.558000 0.900000 0.036000 0.028000
0 0.542000 0.939000 0.040000 0.034000
0 0.522000 0.963000 0.036000 0.042000
0 0.495000 0.983000 0.062000 0.034000
0 0.626000 0.674000 0.036000 0.032000
0 0.621000 0.693000 0.062000 0.046000
0 0.592000 0.726000 0.052000 0.032000
0 0.579000 0.749000 0.042000 0.046000
0 0.503000 0.863000 0.074000 0.106000
0 0.465000 0.900000 0.050000 0.068000
0 0.434000 0.947000 0.052000 0.074000
0 0.564000 0.635000 0.044000 0.042000
0 0.523000 0.664000 0.098000 0.068000
0 0.489000 0.700000 0.074000 0.056000
0 0.467000 0.738000 0.046000 0.048000
0 0.450000 0.768000 0.048000 0.044000
0 0.406000 0.825000 0.080000 0.062000
0 0.371000 0.870000 0.038000 0.036000
0 0.772000 0.036000 0.052000 0.032000
0 0.028000 0.041000 0.056000 0.078000
0 0.035000 0.132000 0.042000 0.056000
0 0.008000 0.099000 0.016000 0.026000
0 0.014000 0.161000 0.028000 0.046000
0 0.013000 0.197000 0.026000 0.022000
0 0.150000 0.095000 0.064000 0.046000
0 0.130000 0.124000 0.072000 0.032000
0 0.126000 0.160000 0.056000 0.064000
0 0.079000 0.209000 0.042000 0.050000
0 0.061000 0.228000 0.054000 0.056000
0 0.048000 0.258000 0.040000 0.048000
0 0.034000 0.286000 0.036000 0.048000
0 0.029000 0.319000 0.046000 0.054000
0 0.017000 0.325000 0.034000 0.078000
0 0.237000 0.131000 0.042000 0.038000
0 0.219000 0.155000 0.054000 0.046000
0 0.188000 0.188000 0.056000 0.052000
0 0.178000 0.234000 0.060000 0.056000
0 0.153000 0.274000 0.058000 0.044000
0 0.116000 0.309000 0.044000 0.030000
0 0.061000 0.291000 0.034000 0.018000
0 0.105000 0.340000 0.042000 0.036000
0 0.079000 0.372000 0.038000 0.024000
0 0.049000 0.401000 0.074000 0.042000
0 0.033000 0.443000 0.050000 0.046000
0 0.010000 0.512000 0.020000 0.048000
0 0.303000 0.228000 0.066000 0.076000
0 0.266000 0.269000 0.040000 0.050000
0 0.204000 0.347000 0.028000 0.050000
0 0.221000 0.373000 0.022000 0.046000
0 0.138000 0.426000 0.068000 0.064000
0 0.151000 0.467000 0.050000 0.062000
0 0.093000 0.539000 0.054000 0.046000
0 0.063000 0.568000 0.046000 0.036000
0 0.053000 0.586000 0.070000 0.056000
0 0.017000 0.585000 0.034000 0.022000
0 0.020000 0.619000 0.040000 0.034000
0 0.016000 0.651000 0.032000 0.054000
0 0.359000 0.244000 0.046000 0.048000
0 0.347000 0.282000 0.046000 0.052000
0 0.334000 0.327000 0.068000 0.050000
0 0.289000 0.376000 0.062000 0.064000
0 0.255000 0.441000 0.054000 0.038000
0 0.219000 0.456000 0.062000 0.060000
0 0.205000 0.491000 0.058000 0.054000
0 0.177000 0.511000 0.058000 0.026000
0 0.173000 0.539000 0.046000 0.050000
0 0.146000 0.577000 0.060000 0.050000
0 0.453000 0.305000 0.070000 0.058000
0 0.438000 0.345000 0.036000 0.030000
0 0.399000 0.364000 0.070000 0.068000
0 0.386000 0.415000 0.052000 0.074000
0 0.325000 0.436000 0.058000 0.064000
0 0.332000 0.474000 0.092000 0.084000
0 0.192000 0.564000 0.044000 0.032000
0 0.263000 0.571000 0.034000 0.026000
0 0.251000 0.598000 0.038000 0.024000
0 0.225000 0.641000 0.086000 0.082000
0 0.203000 0.606000 0.042000 0.052000
0 0.171000 0.694000 0.050000 0.052000
0 0.206000 0.693000 0.036000 0.038000
0 0.067000 0.852000 0.070000 0.096000
0 0.038000 0.901000 0.056000 0.050000
0 0.022000 0.933000 0.044000 0.054000
0 0.099000 0.984000 0.070000 0.032000
0 0.130000 0.942000 0.056000 0.036000
0 0.159000 0.922000 0.070000 0.068000
0 0.229000 0.805000 0.078000 0.090000
0 0.255000 0.751000 0.038000 0.054000
0 0.274000 0.710000 0.052000 0.044000
0 0.294000 0.666000 0.060000 0.060000
0 0.351000 0.605000 0.058000 0.050000
0 0.322000 0.783000 0.040000 0.046000
0 0.311000 0.822000 0.034000 0.032000
0 0.212000 0.934000 0.040000 0.036000
0 0.173000 0.985000 0.042000 0.030000
0 0.401000 0.663000 0.074000 0.066000
0 0.471000 0.583000 0.058000 0.074000
0 0.472000 0.544000 0.040000 0.044000
0 0.531000 0.509000 0.050000 0.054000
0 0.628000 0.351000 0.044000 0.030000
0 0.608000 0.375000 0.040000 0.042000
0 0.577000 0.382000 0.050000 0.052000
0 0.544000 0.334000 0.044000 0.032000
0 0.528000 0.368000 0.048000 0.064000
0 0.499000 0.381000 0.050000 0.034000
0 0.490000 0.407000 0.032000 0.038000
0 0.473000 0.431000 0.046000 0.042000
0 0.467000 0.448000 0.050000 0.044000
0 0.443000 0.477000 0.070000 0.046000
0 0.423000 0.536000 0.058000 0.064000
0 0.363000 0.553000 0.098000 0.094000
0 0.120000 0.625000 0.052000 0.046000
0 0.088000 0.635000 0.056000 0.054000
0 0.075000 0.670000 0.058000 0.028000
0 0.080000 0.698000 0.040000 0.052000
0 0.050000 0.714000 0.052000 0.036000
0 0.272000 0.825000 0.036000 0.026000
0 0.814000 0.254000 0.020000 0.020000