0 0.837000 0.307000 0.038000 0.038000
0 0.818000 0.341000 0.036000 0.042000
0 0.780000 0.305000 0.044000 0.054000
0 0.764000 0.264000 0.036000 0.040000
0 0.796000 0.247000 0.044000 0.034000
0 0.822000 0.204000 0.060000 0.060000
0 0.862000 0.129000 0.036000 0.074000
0 0.881000 0.111000 0.042000 0.046000
0 0.900000 0.088000 0.048000 0.048000
0 0.899000 0.058000 0.026000 0.032000
0 0.935000 0.018000 0.038000 0.032000
0 0.980000 0.256000 0.040000 0.068000
0 0.983000 0.418000 0.034000 0.064000
0 0.913000 0.224000 0.050000 0.044000
0 0.944000 0.176000 0.040000 0.040000
0 0.721000 0.181000 0.070000 0.054000
0 0.794000 0.099000 0.056000 0.050000
0 0.821000 0.025000 0.066000 0.050000
0 0.726000 0.044000 0.052000 0.048000
0 0.702000 0.063000 0.060000 0.050000
0 0.662000 0.130000 0.028000 0.024000
0 0.640000 0.142000 0.032000 0.020000
0 0.623000 0.165000 0.038000 0.034000
0 0.611000 0.033000 0.046000 0.066000
0 0.590000 0.077000 0.048000 0.046000
0 0.569000 0.104000 0.046000 0.040000
0 0.467000 0.093000 0.038000 0.046000
0 0.482000 0.070000 0.040000 0.036000
0 0.504000 0.034000 0.036000 0.020000
0 0.517000 0.018000 0.042000 0.036000