0 0.463000 0.924000 0.038000 0.036000
0 0.638000 0.709000 0.072000 0.030000
0 0.685000 0.615000 0.038000 0.046000
0 0.836000 0.441000 0.072000 0.038000
0 0.826000 0.468000 0.032000 0.032000
0 0.849000 0.377000 0.054000 0.034000
0 0.872000 0.391000 0.048000 0.042000
0 0.895000 0.325000 0.042000 0.022000
0 0.895000 0.294000 0.042000 0.036000
0 0.964000 0.044000 0.048000 0.068000
0 0.985000 0.028000 0.030000 0.056000
0 0.829000 0.257000 0.046000 0.042000
0 0.813000 0.288000 0.046000 0.032000
0 0.796000 0.317000 0.040000 0.046000
0 0.769000 0.341000 0.042000 0.054000
0 0.747000 0.392000 0.050000 0.048000
0 0.722000 0.438000 0.032000 0.048000
0 0.703000 0.467000 0.034000 0.034000
0 0.656000 0.525000 0.036000 0.038000
0 0.634000 0.548000 0.048000 0.040000
0 0.608000 0.591000 0.052000 0.046000
0 0.584000 0.641000 0.044000 0.034000
0 0.546000 0.674000 0.040000 0.048000
0 0.466000 0.789000 0.032000 0.046000
0 0.403000 0.879000 0.034000 0.038000
0 0.387000 0.903000 0.042000 0.038000
0 0.345000 0.954000 0.046000 0.032000
0 0.302000 0.864000 0.044000 0.036000
0 0.443000 0.626000 0.030000 0.048000
0 0.512000 0.588000 0.044000 0.072000
0 0.523000 0.522000 0.046000 0.064000
0 0.560000 0.479000 0.036000 0.058000
0 0.595000 0.439000 0.038000 0.058000
0 0.605000 0.470000 0.022000 0.052000
0 0.656000 0.364000 0.040000 0.060000
0 0.642000 0.393000 0.048000 0.034000
0 0.690000 0.320000 0.048000 0.024000
0 0.723000 0.296000 0.046000 0.040000
0 0.736000 0.262000 0.052000 0.048000
0 0.770000 0.211000 0.044000 0.054000
0 0.675000 0.158000 0.058000 0.052000
0 0.698000 0.131000 0.060000 0.046000
0 0.628000 0.256000 0.052000 0.040000
0 0.594000 0.287000 0.040000 0.034000
0 0.551000 0.333000 0.038000 0.026000
0 0.536000 0.357000 0.040000 0.046000
0 0.526000 0.410000 0.064000 0.076000
0 0.462000 0.474000 0.052000 0.052000
0 0.433000 0.510000 0.050000 0.040000
0 0.434000 0.536000 0.048000 0.044000
0 0.404000 0.590000 0.040000 0.032000
0 0.382000 0.608000 0.056000 0.040000
0 0.310000 0.698000 0.048000 0.052000
0 0.284000 0.759000 0.036000 0.038000
0 0.249000 0.773000 0.054000 0.042000
0 0.216000 0.816000 0.064000 0.060000
0 0.185000 0.887000 0.022000 0.022000
0 0.144000 0.947000 0.036000 0.038000
0 0.208000 0.960000 0.028000 0.040000
0 0.619000 0.100000 0.030000 0.028000
0 0.593000 0.120000 0.062000 0.052000
0 0.590000 0.164000 0.036000 0.064000
0 0.552000 0.200000 0.052000 0.032000
0 0.507000 0.252000 0.058000 0.060000
0 0.471000 0.290000 0.026000 0.044000
0 0.464000 0.317000 0.040000 0.038000
0 0.422000 0.424000 0.056000 0.060000
0 0.365000 0.489000 0.054000 0.050000
0 0.352000 0.542000 0.088000 0.068000
0 0.178000 0.753000 0.056000 0.042000
0 0.054000 0.896000 0.044000 0.056000
0 0.030000 0.780000 0.032000 0.044000
0 0.083000 0.669000 0.046000 0.066000
0 0.111000 0.663000 0.042000 0.050000
0 0.231000 0.493000 0.058000 0.050000
0 0.278000 0.448000 0.032000 0.044000
0 0.296000 0.407000 0.040000 0.050000
0 0.372000 0.324000 0.068000 0.052000
0 0.500000 0.128000 0.028000 0.028000
0 0.432000 0.234000 0.036000 0.040000
0 0.457000 0.185000 0.022000 0.018000
0 0.397000 0.114000 0.026000 0.048000
0 0.442000 0.039000 0.036000 0.026000
0 0.295000 0.277000 0.070000 0.046000
0 0.211000 0.371000 0.030000 0.042000
0 0.255000 0.449000 0.034000 0.042000
0 0.190000 0.404000 0.056000 0.056000
0 0.163000 0.440000 0.054000 0.044000
0 0.143000 0.467000 0.030000 0.038000
0 0.118000 0.486000 0.040000 0.036000
0 0.068000 0.574000 0.044000 0.040000
0 0.016000 0.520000 0.032000 0.060000
0 0.098000 0.386000 0.040000 0.060000
0 0.144000 0.335000 0.068000 0.050000
0 0.194000 0.256000 0.044000 0.032000
0 0.214000 0.193000 0.032000 0.022000
0 0.219000 0.223000 0.038000 0.042000
0 0.252000 0.149000 0.048000 0.038000
0 0.290000 0.110000 0.056000 0.032000
0 0.310000 0.073000 0.040000 0.042000
0 0.328000 0.048000 0.036000 0.028000
0 0.353000 0.029000 0.042000 0.050000
0 0.260000 0.011000 0.040000 0.022000
0 0.223000 0.023000 0.058000 0.038000
0 0.232000 0.054000 0.036000 0.052000
0 0.189000 0.056000 0.042000 0.036000
0 0.195000 0.084000 0.030000 0.052000
0 0.126000 0.126000 0.032000 0.020000
0 0.128000 0.153000 0.032000 0.046000
0 0.118000 0.173000 0.048000 0.022000
0 0.088000 0.210000 0.024000 0.024000
0 0.040000 0.276000 0.036000 0.052000
0 0.175000 0.014000 0.034000 0.028000
0 0.130000 0.017000 0.076000 0.030000
0 0.103000 0.044000 0.062000 0.048000
0 0.110000 0.071000 0.032000 0.038000
0 0.088000 0.083000 0.056000 0.026000
0 0.070000 0.116000 0.044000 0.032000
0 0.041000 0.131000 0.038000 0.034000
0 0.034000 0.162000 0.036000 0.048000
0 0.014000 0.207000 0.028000 0.058000
0 0.014000 0.251000 0.028000 0.038000
0 0.513000 0.086000 0.022000 0.024000