0 0.822000 0.954000 0.040000 0.048000
0 0.837000 0.919000 0.030000 0.030000
0 0.853000 0.892000 0.034000 0.028000
0 0.955000 0.902000 0.054000 0.036000
0 0.942000 0.926000 0.040000 0.040000
0 0.751000 0.920000 0.054000 0.052000
0 0.640000 0.911000 0.048000 0.058000
0 0.667000 0.881000 0.046000 0.046000
0 0.678000 0.836000 0.044000 0.048000
0 0.712000 0.809000 0.068000 0.054000
0 0.713000 0.752000 0.030000 0.048000
0 0.737000 0.726000 0.042000 0.044000
0 0.758000 0.760000 0.056000 0.060000
0 0.794000 0.692000 0.048000 0.036000
0 0.869000 0.581000 0.046000 0.038000
0 0.949000 0.604000 0.050000 0.036000
0 0.762000 0.876000 0.048000 0.040000
0 0.789000 0.834000 0.038000 0.028000
0 0.986000 0.515000 0.028000 0.050000
0 0.974000 0.263000 0.052000 0.034000
0 0.967000 0.234000 0.066000 0.052000
0 0.986000 0.210000 0.028000 0.056000
0 0.953000 0.123000 0.034000 0.050000
0 0.992000 0.056000 0.016000 0.048000
0 0.929000 0.017000 0.034000 0.034000
0 0.909000 0.041000 0.042000 0.050000
0 0.859000 0.055000 0.026000 0.022000
0 0.843000 0.121000 0.054000 0.054000
0 0.808000 0.180000 0.052000 0.040000
0 0.716000 0.291000 0.060000 0.046000
0 0.693000 0.348000 0.034000 0.032000
0 0.698000 0.370000 0.036000 0.040000
0 0.582000 0.525000 0.032000 0.042000
0 0.512000 0.611000 0.044000 0.042000
0 0.492000 0.635000 0.036000 0.030000
0 0.473000 0.660000 0.030000 0.020000
0 0.424000 0.750000 0.036000 0.028000
0 0.738000 0.477000 0.044000 0.034000
0 0.696000 0.521000 0.040000 0.038000
0 0.654000 0.594000 0.028000 0.036000
0 0.554000 0.722000 0.036000 0.036000
0 0.833000 0.449000 0.070000 0.058000
0 0.782000 0.533000 0.032000 0.030000
0 0.753000 0.553000 0.034000 0.018000
0 0.765000 0.570000 0.034000 0.032000
0 0.708000 0.627000 0.060000 0.058000
0 0.681000 0.654000 0.058000 0.032000
0 0.676000 0.680000 0.032000 0.048000
0 0.629000 0.717000 0.066000 0.054000
0 0.591000 0.765000 0.042000 0.050000
0 0.570000 0.817000 0.044000 0.014000
0 0.552000 0.853000 0.032000 0.034000
0 0.825000 0.013000 0.034000 0.026000
0 0.790000 0.055000 0.032000 0.034000
0 0.760000 0.058000 0.044000 0.032000
0 0.761000 0.090000 0.050000 0.048000
0 0.737000 0.120000 0.054000 0.020000
0 0.732000 0.133000 0.040000 0.034000
0 0.649000 0.247000 0.050000 0.042000
0 0.643000 0.271000 0.026000 0.038000
0 0.628000 0.269000 0.048000 0.034000
0 0.599000 0.306000 0.054000 0.056000
0 0.533000 0.432000 0.046000 0.048000
0 0.492000 0.482000 0.048000 0.040000
0 0.442000 0.557000 0.040000 0.058000
0 0.404000 0.580000 0.044000 0.052000
0 0.386000 0.687000 0.036000 0.054000
0 0.340000 0.690000 0.064000 0.060000
0 0.398000 0.610000 0.024000 0.028000
0 0.304000 0.622000 0.056000 0.060000
0 0.320000 0.594000 0.044000 0.040000
0 0.308000 0.558000 0.048000 0.064000
0 0.351000 0.584000 0.034000 0.044000
0 0.347000 0.548000 0.050000 0.052000
0 0.389000 0.500000 0.074000 0.064000
0 0.378000 0.519000 0.044000 0.042000
0 0.406000 0.450000 0.064000 0.044000
0 0.438000 0.409000 0.060000 0.050000
0 0.470000 0.359000 0.044000 0.074000
0 0.534000 0.285000 0.052000 0.046000
0 0.502000 0.355000 0.040000 0.038000
0 0.545000 0.250000 0.050000 0.036000
0 0.551000 0.215000 0.034000 0.054000
0 0.582000 0.220000 0.060000 0.068000
0 0.585000 0.156000 0.050000 0.072000
0 0.626000 0.171000 0.044000 0.090000
0 0.665000 0.103000 0.054000 0.050000
0 0.685000 0.058000 0.046000 0.056000
0 0.603000 0.019000 0.050000 0.038000
0 0.580000 0.043000 0.048000 0.034000
0 0.562000 0.073000 0.040000 0.054000
0 0.488000 0.186000 0.068000 0.052000
0 0.461000 0.214000 0.050000 0.056000
0 0.431000 0.272000 0.066000 0.036000
0 0.402000 0.301000 0.048000 0.054000
0 0.333000 0.393000 0.042000 0.038000
0 0.312000 0.393000 0.036000 0.042000
0 0.300000 0.438000 0.056000 0.080000
0 0.279000 0.471000 0.050000 0.042000
0 0.254000 0.488000 0.056000 0.040000
0 0.265000 0.523000 0.058000 0.038000
0 0.230000 0.539000 0.056000 0.038000
0 0.220000 0.568000 0.044000 0.036000
0 0.205000 0.587000 0.066000 0.070000
0 0.172000 0.604000 0.052000 0.036000
0 0.181000 0.632000 0.042000 0.052000
0 0.164000 0.457000 0.040000 0.050000
0 0.212000 0.379000 0.044000 0.058000
0 0.299000 0.244000 0.066000 0.036000
0 0.293000 0.269000 0.062000 0.034000
0 0.352000 0.217000 0.048000 0.042000
0 0.371000 0.177000 0.042000 0.070000
0 0.418000 0.117000 0.032000 0.034000
0 0.351000 0.090000 0.034000 0.044000
0 0.329000 0.054000 0.038000 0.040000
0 0.319000 0.076000 0.046000 0.040000
0 0.292000 0.112000 0.040000 0.036000
0 0.282000 0.159000 0.060000 0.098000
0 0.230000 0.222000 0.064000 0.064000
0 0.177000 0.269000 0.034000 0.042000
0 0.217000 0.276000 0.034000 0.036000
0 0.160000 0.290000 0.036000 0.040000
0 0.174000 0.319000 0.072000 0.066000
0 0.147000 0.349000 0.034000 0.034000
0 0.116000 0.403000 0.036000 0.034000
0 0.110000 0.429000 0.044000 0.050000
0 0.095000 0.473000 0.054000 0.054000
0 0.015000 0.427000 0.030000 0.058000
0 0.040000 0.373000 0.080000 0.058000
0 0.082000 0.268000 0.036000 0.044000
0 0.117000 0.231000 0.034000 0.046000
0 0.150000 0.194000 0.048000 0.044000
0 0.195000 0.161000 0.042000 0.058000
0 0.160000 0.160000 0.036000 0.048000
0 0.209000 0.117000 0.078000 0.062000
0 0.220000 0.083000 0.024000 0.034000
0 0.258000 0.068000 0.064000 0.056000
0 0.169000 0.013000 0.042000 0.026000
0 0.148000 0.029000 0.060000 0.026000
0 0.078000 0.127000 0.060000 0.058000
0 0.102000 0.148000 0.068000 0.060000
0 0.012000 0.270000 0.024000 0.056000
0 0.076000 0.023000 0.064000 0.046000
0 0.039000 0.054000 0.046000 0.040000
0 0.006000 0.103000 0.012000 0.046000