0 0.029261 0.325462 0.058522 0.075975
0 0.080082 0.241273 0.071869 0.071869
0 0.099589 0.186858 0.069815 0.069815
0 0.127310 0.140657 0.084189 0.092402
0 0.032341 0.592402 0.064682 0.071869
0 0.101643 0.475359 0.086242 0.059548
0 0.123203 0.440452 0.100616 0.071869
0 0.163244 0.382957 0.110883 0.092402
0 0.221766 0.294661 0.084189 0.080082
0 0.284394 0.222793 0.094456 0.075975
0 0.372690 0.116016 0.090349 0.075975
0 0.031314 0.853183 0.062628 0.075975
0 0.068789 0.750513 0.073922 0.075975
0 0.127310 0.682752 0.084189 0.055441
0 0.203285 0.570842 0.063655 0.082136
0 0.260780 0.516427 0.084189 0.092402
0 0.315195 0.451745 0.049281 0.045175
0 0.375770 0.360370 0.096509 0.075975
0 0.484600 0.241273 0.092402 0.088296
0 0.532854 0.165298 0.098563 0.071869
0 0.731006 0.193018 0.096509 0.082136
0 0.758727 0.211499 0.057495 0.069815
0 0.679671 0.244353 0.063655 0.069815
0 0.600616 0.351129 0.086242 0.057495
0 0.554415 0.392197 0.104723 0.073922
0 0.522587 0.451745 0.106776 0.065708
0 0.428131 0.581109 0.078029 0.053388
0 0.381930 0.618070 0.080082 0.061602
0 0.348049 0.667351 0.094456 0.090349
0 0.293634 0.738193 0.055441 0.055441
0 0.208419 0.889117 0.090349 0.094456
0 0.152977 0.909651 0.102669 0.106776
0 0.078029 0.977413 0.108830 0.045174
0 0.383984 0.883984 0.092402 0.092402
0 0.343943 0.931211 0.090349 0.084189
0 0.315195 0.976386 0.086242 0.047228
0 0.456879 0.777207 0.110883 0.104723
0 0.489733 0.748460 0.073922 0.071869
0 0.548255 0.679671 0.051335 0.049281
0 0.573922 0.642710 0.078029 0.045175
0 0.603696 0.592402 0.112936 0.080082
0 0.734086 0.447639 0.078029 0.094456
0 0.814168 0.319302 0.061602 0.047228
0 0.858316 0.273101 0.063655 0.069815
0 0.533881 0.955852 0.080082 0.075975
0 0.601643 0.849076 0.088296 0.067762
0 0.570842 0.895277 0.096509 0.053388
0 0.681725 0.760780 0.092402 0.084189
0 0.712526 0.706366 0.096509 0.073922
0 0.779261 0.633470 0.078029 0.071869
0 0.809035 0.587269 0.112936 0.086242
0 0.895277 0.496920 0.059548 0.065708
0 0.968686 0.614990 0.062628 0.055441
0 0.947125 0.676591 0.105749 0.059548
0 0.938398 0.714579 0.088296 0.061602
0 0.893224 0.750513 0.117043 0.100616
0 0.861396 0.791581 0.110883 0.051335
0 0.831622 0.832649 0.084189 0.092402
0 0.799795 0.898357 0.082136 0.080082
0 0.678645 0.977413 0.069815 0.045174
0 0.931211 0.965092 0.078029 0.065708
0 0.962526 0.917864 0.074948 0.078029
0 0.973819 0.865503 0.052361 0.071869