0 0.034394 0.373717 0.068788 0.041068
0 0.037988 0.330595 0.049281 0.061602
0 0.077002 0.282341 0.065708 0.075975
0 0.030287 0.660164 0.060574 0.100616
0 0.066735 0.604723 0.094456 0.088296
0 0.094456 0.574949 0.092402 0.073922
0 0.086242 0.527721 0.117043 0.082136
0 0.136550 0.470226 0.102669 0.098563
0 0.193018 0.378850 0.084189 0.059548
0 0.208419 0.416838 0.073922 0.082136
0 0.015914 0.950719 0.031828 0.057495
0 0.034908 0.915811 0.055441 0.041068
0 0.050308 0.886037 0.069815 0.075975
0 0.086242 0.855236 0.088296 0.084189
0 0.140657 0.814168 0.078029 0.075975
0 0.149897 0.754620 0.104723 0.067762
0 0.184805 0.704312 0.067762 0.073922
0 0.232033 0.623203 0.063655 0.084189
0 0.284394 0.603696 0.073922 0.057495
0 0.311088 0.504107 0.082136 0.084189
0 0.322382 0.552361 0.047228 0.049281
0 0.365503 0.491786 0.071869 0.051335
0 0.360370 0.410678 0.078029 0.061602
0 0.411704 0.438398 0.106776 0.092402
0 0.352156 0.250513 0.049281 0.057495
0 0.358316 0.195072 0.098563 0.065708
0 0.333676 0.272074 0.069815 0.071869
0 0.513347 0.320329 0.063655 0.090349
0 0.479466 0.296715 0.082136 0.059548
0 0.496920 0.238193 0.096509 0.082136
0 0.699179 0.296715 0.078029 0.075975
0 0.680698 0.330595 0.082136 0.082136
0 0.609856 0.386037 0.051335 0.053388
0 0.580082 0.446612 0.061602 0.071869
0 0.527721 0.460986 0.059548 0.051335
0 0.537988 0.510267 0.051335 0.092402
0 0.494867 0.569815 0.047228 0.043121
0 0.481520 0.583162 0.082136 0.090349
0 0.420945 0.655031 0.108830 0.094456
0 0.370637 0.729979 0.069815 0.059548
0 0.337782 0.770021 0.086242 0.061602
0 0.275154 0.796715 0.108830 0.073922
0 0.254620 0.840862 0.071869 0.084189
0 0.231006 0.895277 0.057495 0.094456
0 0.195072 0.933265 0.080082 0.067762
0 0.156057 0.973306 0.108830 0.053388
0 0.349076 0.976386 0.067762 0.047228
0 0.372690 0.921971 0.053388 0.069815
0 0.418891 0.941478 0.096509 0.088296
0 0.522587 0.816222 0.073922 0.071869
0 0.566735 0.777207 0.084189 0.047228
0 0.557495 0.728953 0.069815 0.069815
0 0.610883 0.727926 0.057495 0.100616
0 0.652977 0.626283 0.071869 0.061602
0 0.696099 0.514374 0.059548 0.075975
0 0.801848 0.392197 0.057495 0.065708
0 0.819302 0.348049 0.067762 0.055441
0 0.548255 0.970226 0.067762 0.059548
0 0.602669 0.969199 0.094456 0.061602
0 0.603696 0.919918 0.055441 0.078029
0 0.644764 0.904517 0.084189 0.084189
0 0.701232 0.839836 0.053388 0.061602
0 0.708419 0.782341 0.067762 0.049281
0 0.750513 0.742300 0.065708 0.047228
0 0.795688 0.651951 0.086242 0.096509
0 0.870637 0.613963 0.075975 0.073922
0 0.879877 0.558522 0.078029 0.069815
0 0.931211 0.467146 0.082136 0.067762
0 0.978439 0.418891 0.041068 0.041068
0 0.845996 0.866530 0.075975 0.082136
0 0.889117 0.889117 0.100616 0.094456
0 0.975873 0.735113 0.048254 0.086242
0 0.760780 0.982546 0.094456 0.034908