0 0.751000 0.684000 0.058000 0.068000
0 0.829000 0.661000 0.062000 0.066000
0 0.916000 0.572000 0.048000 0.064000
0 0.918000 0.827000 0.056000 0.078000
0 0.957000 0.811000 0.046000 0.058000
0 0.226000 0.268000 0.044000 0.056000
0 0.259000 0.237000 0.038000 0.046000
0 0.303000 0.149000 0.046000 0.034000
0 0.321000 0.120000 0.030000 0.036000
0 0.343000 0.086000 0.042000 0.076000
0 0.376000 0.057000 0.036000 0.046000
0 0.140000 0.245000 0.024000 0.046000
0 0.161000 0.207000 0.042000 0.042000
0 0.227000 0.092000 0.034000 0.040000
0 0.283000 0.055000 0.042000 0.050000
0 0.315000 0.014000 0.054000 0.028000
0 0.053000 0.190000 0.046000 0.044000
0 0.088000 0.181000 0.056000 0.042000
0 0.099000 0.154000 0.034000 0.032000
0 0.067000 0.024000 0.042000 0.048000
0 0.026000 0.099000 0.032000 0.038000
0 0.015000 0.130000 0.030000 0.028000
0 0.010000 0.018000 0.020000 0.036000