0 0.035468 0.697219 0.069069 0.069069
0 0.014467 0.736420 0.028934 0.076535
0 0.031268 0.961079 0.062535 0.077842
0 0.061602 0.893224 0.091469 0.069069
0 0.074669 0.858690 0.050401 0.059735
0 0.125070 0.826955 0.061602 0.067202
0 0.166138 0.806422 0.065335 0.067202
0 0.158671 0.766287 0.072802 0.054135
0 0.178271 0.718686 0.093336 0.074669
0 0.222139 0.733620 0.098936 0.082136
0 0.247340 0.664551 0.097069 0.052268
0 0.277207 0.623483 0.082136 0.041068
0 0.304275 0.582416 0.061602 0.056001
0 0.336942 0.548815 0.044801 0.041068
0 0.374277 0.501213 0.070935 0.039201
0 0.417211 0.438678 0.063468 0.063468
0 0.204405 0.974146 0.074669 0.051708
0 0.241740 0.948292 0.056001 0.044801
0 0.250140 0.914691 0.095203 0.063468
0 0.294008 0.848423 0.074669 0.057868
0 0.313608 0.895091 0.098936 0.069069
0 0.375210 0.752287 0.102669 0.052268
0 0.412544 0.719619 0.084002 0.061602
0 0.442412 0.676685 0.065335 0.054135
0 0.471346 0.643084 0.063468 0.054135
0 0.505880 0.581482 0.065335 0.057868
0 0.534814 0.545081 0.059735 0.063468
0 0.569349 0.503080 0.061602 0.054135
0 0.602949 0.460146 0.076535 0.072802
0 0.373343 0.981613 0.069069 0.036774
0 0.444279 0.973213 0.106403 0.053574
0 0.412544 0.934292 0.061602 0.069069
0 0.458279 0.905357 0.070935 0.074669
0 0.492813 0.884824 0.072802 0.089602
0 0.533881 0.851223 0.061602 0.082136
0 0.546015 0.789621 0.082136 0.070935
0 0.568415 0.749487 0.093336 0.072802
0 0.602949 0.755087 0.080269 0.080269
0 0.646817 0.679485 0.074669 0.048535
0 0.670151 0.656151 0.061602 0.065335
0 0.698152 0.613216 0.087736 0.084002
0 0.744820 0.563748 0.065335 0.059735
0 0.758820 0.498413 0.093336 0.108270
0 0.833489 0.491880 0.082136 0.072802
0 0.628150 0.982546 0.078402 0.034908
0 0.367743 0.800821 0.054135 0.063468
0 0.631884 0.943625 0.063468 0.054135
0 0.670151 0.913758 0.046668 0.050401
0 0.708419 0.868023 0.067202 0.070935
0 0.774687 0.787754 0.061602 0.085869
0 0.830689 0.732686 0.042934 0.057868
0 0.853089 0.670151 0.076535 0.063468
0 0.911891 0.636550 0.059735 0.074669
0 0.945492 0.586149 0.063468 0.067202
0 0.781221 0.985346 0.048535 0.029307
0 0.829755 0.972279 0.056001 0.055441
0 0.854023 0.932425 0.074669 0.054135
0 0.888557 0.893224 0.065335 0.072802
0 0.924958 0.856823 0.063468 0.059735
0 0.952025 0.827889 0.050401 0.050401
0 0.973679 0.779354 0.052641 0.057868
0 0.976479 0.977879 0.047041 0.044241