0 0.044661 0.406571 0.089322 0.078029
0 0.026181 0.755647 0.052361 0.061602
0 0.040041 0.707392 0.073922 0.067762
0 0.082136 0.657084 0.075975 0.073922
0 0.113963 0.612936 0.061602 0.063655
0 0.163244 0.549281 0.082136 0.067762
0 0.202259 0.486653 0.086242 0.086242
0 0.402464 0.491786 0.092402 0.088296
0 0.372690 0.557495 0.082136 0.067762
0 0.276181 0.649897 0.073922 0.080082
0 0.232033 0.676591 0.075975 0.055441
0 0.226899 0.720739 0.110883 0.061602
0 0.276181 0.689938 0.069815 0.057495
0 0.143737 0.825462 0.067762 0.073922
0 0.079055 0.919918 0.098563 0.098563
0 0.041581 0.966119 0.083162 0.067762
0 0.244353 0.967146 0.051335 0.049281
0 0.256674 0.904517 0.063655 0.067762
0 0.311088 0.916838 0.078029 0.092402
0 0.319302 0.827515 0.057495 0.106776
0 0.371663 0.853183 0.075975 0.100616
0 0.383984 0.758727 0.080082 0.088296
0 0.442505 0.694045 0.073922 0.078029
0 0.440452 0.766940 0.090349 0.104723
0 0.502053 0.669405 0.073922 0.073922
0 0.504107 0.613963 0.073922 0.086242
0 0.542094 0.640657 0.071869 0.086242
0 0.565708 0.531828 0.069815 0.082136
0 0.650924 0.483573 0.059548 0.067762
0 0.609856 0.529774 0.075975 0.053388
0 0.601643 0.478439 0.055441 0.065708
0 0.413758 0.982546 0.061602 0.034908
0 0.475359 0.969199 0.094456 0.061602
0 0.471253 0.917864 0.078029 0.053388
0 0.500000 0.877823 0.057495 0.063655
0 0.535934 0.916838 0.080082 0.088296
0 0.555441 0.844969 0.078029 0.088296
0 0.588296 0.797741 0.073922 0.080082
0 0.630390 0.742300 0.063655 0.075975
0 0.726899 0.666324 0.063655 0.071869
0 0.681725 0.711499 0.071869 0.088296
0 0.638604 0.779261 0.055441 0.059548
0 0.765914 0.579055 0.055441 0.061602
0 0.857290 0.437372 0.057495 0.053388
0 0.634497 0.974333 0.055441 0.051334
0 0.674538 0.951745 0.069815 0.080082
0 0.716632 0.911704 0.084189 0.073922
0 0.746407 0.864476 0.086242 0.061602
0 0.778234 0.825462 0.088296 0.086242
0 0.829569 0.763860 0.063655 0.053388
0 0.856263 0.720739 0.096509 0.073922
0 0.903491 0.668378 0.092402 0.051335
0 0.899384 0.620123 0.096509 0.069815
0 0.945585 0.542094 0.094456 0.065708
0 0.960986 0.590349 0.071869 0.096509
0 0.842916 0.971253 0.098563 0.057494
0 0.896304 0.932238 0.086242 0.057495
0 0.940452 0.904517 0.112936 0.059548
0 0.948665 0.862423 0.059548 0.065708
0 0.967659 0.803901 0.064682 0.075975
0 0.978953 0.753593 0.042094 0.057495