0 0.032341 0.792608 0.064682 0.082136
0 0.043121 0.744353 0.071869 0.063655
0 0.110883 0.624230 0.084189 0.065708
0 0.127310 0.670431 0.096509 0.075975
0 0.183778 0.530801 0.106776 0.092402
0 0.040041 0.975359 0.057495 0.049281
0 0.080082 0.948665 0.067762 0.073922
0 0.081109 0.898357 0.057495 0.051335
0 0.132444 0.914784 0.073922 0.088296
0 0.174538 0.829569 0.039014 0.061602
0 0.211499 0.787474 0.043121 0.071869
0 0.251540 0.744353 0.036961 0.059548
0 0.293634 0.721766 0.055441 0.063655
0 0.336756 0.633470 0.108830 0.055441
0 0.343943 0.589322 0.065708 0.073922
0 0.519507 0.638604 0.075975 0.061602
0 0.589322 0.605749 0.039014 0.049281
0 0.644764 0.515400 0.063655 0.061602
0 0.535934 0.670431 0.063655 0.059548
0 0.472279 0.720739 0.088296 0.061602
0 0.404517 0.795688 0.075975 0.063655
0 0.340862 0.845996 0.080082 0.041068
0 0.366530 0.876797 0.082136 0.045175
0 0.347023 0.900411 0.055441 0.059548
0 0.291581 0.914784 0.084189 0.067762
0 0.320329 0.954825 0.071869 0.065708
0 0.240246 0.977413 0.088296 0.045174
0 0.457906 0.978439 0.080082 0.043121
0 0.801848 0.568789 0.086242 0.069815
0 0.722793 0.618070 0.047228 0.061602
0 0.762834 0.634497 0.065708 0.082136
0 0.719713 0.679671 0.049281 0.073922
0 0.669405 0.703285 0.088296 0.075975
0 0.668378 0.743326 0.049281 0.061602
0 0.629363 0.778234 0.073922 0.045175
0 0.577002 0.810062 0.043121 0.071869
0 0.614990 0.819302 0.057495 0.082136
0 0.578029 0.873717 0.065708 0.059548
0 0.530801 0.842916 0.065708 0.063655
0 0.519507 0.890144 0.071869 0.092402
0 0.489733 0.937372 0.073922 0.063655
0 0.662218 0.979466 0.078029 0.041068
0 0.697125 0.958932 0.069815 0.069815
0 0.714579 0.908624 0.067762 0.084189
0 0.741273 0.839836 0.063655 0.069815
0 0.788501 0.861396 0.075975 0.063655
0 0.755647 0.894251 0.059548 0.063655
0 0.810062 0.761807 0.061602 0.053388
0 0.894251 0.726899 0.082136 0.086242
0 0.839836 0.756674 0.055441 0.063655
0 0.837782 0.791581 0.055441 0.043121
0 0.918891 0.671458 0.053388 0.057495
0 0.950719 0.682752 0.055441 0.047228
0 0.978953 0.887064 0.042094 0.049281
0 0.927105 0.890144 0.049281 0.051335
0 0.948665 0.925051 0.067762 0.075975
0 0.845996 0.976386 0.084189 0.047228
0 0.915811 0.969199 0.092402 0.036961