0 0.119097 0.652977 0.055441 0.057495
0 0.135524 0.694045 0.063655 0.086242
0 0.095483 0.726899 0.065708 0.057495
0 0.020021 0.857290 0.040041 0.059548
0 0.123203 0.891170 0.096509 0.053388
0 0.145791 0.924025 0.071869 0.069815
0 0.075975 0.946612 0.059548 0.065708
0 0.071869 0.981520 0.104723 0.036960
0 0.195072 0.836756 0.067762 0.059548
0 0.223819 0.788501 0.051335 0.057495
0 0.260780 0.806982 0.063655 0.069815
0 0.260780 0.734086 0.055441 0.080082
0 0.303901 0.722793 0.059548 0.049281
0 0.386037 0.600616 0.092402 0.100616
0 0.193018 0.584189 0.080082 0.063655
0 0.294661 0.975359 0.065708 0.049281
0 0.314168 0.930185 0.055441 0.053388
0 0.339836 0.953799 0.073922 0.055441
0 0.349076 0.890144 0.051335 0.059548
0 0.392197 0.854209 0.071869 0.078029
0 0.431211 0.808008 0.080082 0.075975
0 0.417864 0.763860 0.045175 0.065708
0 0.911704 0.539014 0.071869 0.112936
0 0.819302 0.605749 0.051335 0.036961
0 0.778234 0.650924 0.080082 0.065708
0 0.735113 0.680698 0.067762 0.063655
0 0.695072 0.732033 0.069815 0.063655
0 0.652977 0.770021 0.080082 0.073922
0 0.636550 0.816222 0.063655 0.071869
0 0.594456 0.860370 0.086242 0.065708
0 0.568789 0.909651 0.080082 0.065708
0 0.459959 0.977413 0.080082 0.045174
0 0.701232 0.973306 0.065708 0.053388
0 0.724846 0.921971 0.063655 0.086242
0 0.754620 0.958932 0.069815 0.069815
0 0.796715 0.876797 0.063655 0.061602
0 0.818275 0.831622 0.086242 0.065708
0 0.894251 0.764887 0.090349 0.067762
0 0.931211 0.718686 0.082136 0.086242
0 0.877823 0.984600 0.061602 0.030800
0 0.913758 0.966119 0.051335 0.059548
0 0.967659 0.909651 0.064682 0.045175