0 0.126362 0.170589 0.086874 0.113726
0 0.036724 0.295372 0.073448 0.082136
0 0.215606 0.356184 0.075817 0.162692
0 0.047781 0.608119 0.095562 0.110567
0 0.024878 0.533091 0.049755 0.055284
0 0.071079 0.728163 0.112147 0.135840
0 0.147686 0.886116 0.085295 0.104249
0 0.211657 0.952535 0.115306 0.094930
0 0.238509 0.753435 0.124783 0.107408
0 0.224293 0.639709 0.090033 0.126362
0 0.351276 0.320475 0.108536 0.092402
0 0.328542 0.547815 0.092402 0.095336
0 0.383544 0.446612 0.120270 0.086536
0 0.501613 0.587416 0.089469 0.168671
0 0.530947 0.777354 0.107070 0.099736
0 0.875623 0.671018 0.101203 0.074802
0 0.922558 0.751687 0.086536 0.118803
0 0.981960 0.836756 0.032268 0.115870
0 0.979246 0.644617 0.041508 0.083602
0 0.804488 0.565415 0.117336 0.095336
0 0.905691 0.401144 0.076269 0.142270
0 0.959226 0.502347 0.063068 0.098269
0 0.805221 0.269874 0.104136 0.140804
0 0.687152 0.321942 0.161338 0.130537
0 0.263274 0.159138 0.146671 0.054268
0 0.715019 0.057202 0.058668 0.108536
0 0.924025 0.156204 0.074802 0.104136
0 0.420945 0.087269 0.092402 0.098269
0 0.217806 0.041068 0.052801 0.073335
0 0.250073 0.102669 0.064535 0.073335