0 0.062115 0.048255 0.124230 0.096509
0 0.095483 0.152977 0.119097 0.129363
0 0.030287 0.408624 0.060574 0.143737
0 0.064682 0.721766 0.110883 0.149897
0 0.303901 0.202259 0.080082 0.145791
0 0.235113 0.021561 0.086242 0.043121
0 0.366530 0.044148 0.147844 0.088296
0 0.443532 0.145791 0.129363 0.110883
0 0.498973 0.236140 0.112936 0.139630
0 0.549281 0.352156 0.156057 0.125257
0 0.453799 0.436345 0.129363 0.100616
0 0.457906 0.535934 0.112936 0.151951
0 0.656057 0.582136 0.106776 0.129363
0 0.778234 0.484600 0.158111 0.151951
0 0.822382 0.221766 0.135524 0.127310
0 0.958419 0.214579 0.083162 0.129363
0 0.571869 0.095483 0.102669 0.137577
0 0.940965 0.508214 0.118070 0.190965
0 0.802875 0.840862 0.158111 0.129363
0 0.952259 0.914784 0.095482 0.112936
0 0.700205 0.927105 0.129363 0.137577