0 0.221766 0.970226 0.117043 0.059548
0 0.057495 0.948665 0.080082 0.102669
0 0.028234 0.900411 0.056468 0.084189
0 0.440452 0.968172 0.139630 0.063655
0 0.513347 0.863450 0.100616 0.129363
0 0.303901 0.795688 0.112936 0.145791
0 0.246407 0.652977 0.108830 0.127310
0 0.147844 0.494867 0.088296 0.119097
0 0.757700 0.484600 0.125257 0.151951
0 0.746407 0.738193 0.119097 0.121150
0 0.466119 0.515400 0.084189 0.098563
0 0.525667 0.559548 0.080082 0.092402
0 0.626283 0.475359 0.129363 0.129363
0 0.616016 0.146817 0.117043 0.108830
0 0.143737 0.232033 0.154004 0.127310
0 0.439425 0.079055 0.063655 0.112936
0 0.210472 0.080082 0.123203 0.082136
0 0.331622 0.259754 0.119097 0.141684
0 0.917864 0.081109 0.092402 0.084189
0 0.968686 0.220739 0.062628 0.071869
0 0.880903 0.299795 0.059548 0.102669
0 0.805955 0.259754 0.082136 0.117043
0 0.671458 0.321355 0.112936 0.071869
0 0.412144 0.374743 0.083602 0.083602
0 0.217072 0.348343 0.051335 0.104136
0 0.116603 0.427545 0.090936 0.089469
0 0.185538 0.583016 0.099736 0.115870
0 0.855823 0.632884 0.090936 0.133470
0 0.683485 0.607216 0.071869 0.079202
0 0.930625 0.811822 0.099736 0.139337
0 0.744353 0.060135 0.079202 0.079202
0 0.381344 0.033001 0.083602 0.066002
0 0.042901 0.046201 0.085802 0.077735
0 0.073335 0.132737 0.136404 0.074802
0 0.468612 0.441478 0.111470 0.055735
0 0.095336 0.814755 0.148137 0.127603
0 0.092402 0.706219 0.074802 0.063068
0 0.439425 0.781314 0.104723 0.108830