0 0.294661 0.202259 0.086242 0.141684
0 0.772074 0.756674 0.141684 0.154004
0 0.953285 0.484600 0.093429 0.156057
0 0.219713 0.438398 0.088296 0.117043
0 0.459959 0.865503 0.170431 0.100616
0 0.843943 0.893224 0.129363 0.127310
0 0.431211 0.184805 0.174538 0.176591
0 0.073409 0.719713 0.146817 0.178645
0 0.163244 0.868583 0.127310 0.098563
0 0.218686 0.950719 0.082136 0.098562
0 0.326489 0.892197 0.067762 0.088296
0 0.290554 0.777207 0.119097 0.117043
0 0.965606 0.204312 0.068788 0.170431
0 0.201232 0.637577 0.100616 0.075975
0 0.616750 0.110003 0.108536 0.085069
0 0.218539 0.046935 0.104136 0.067468
0 0.085802 0.139337 0.123203 0.052801
0 0.159138 0.280141 0.114403 0.093869