0 0.237719 0.450956 0.116885 0.153214
0 0.082925 0.170589 0.123203 0.063181
0 0.509398 0.050545 0.091613 0.072658
0 0.540989 0.131891 0.091613 0.112147
0 0.629442 0.288264 0.091613 0.165851
0 0.470700 0.243248 0.108988 0.120044
0 0.800821 0.241668 0.118465 0.094772
0 0.733691 0.530722 0.078976 0.078976
0 0.601011 0.527563 0.126362 0.113726
0 0.621545 0.612068 0.101090 0.093192
0 0.739220 0.773180 0.096351 0.143737
0 0.801611 0.891644 0.120044 0.099510
0 0.809509 0.950166 0.063181 0.099668
0 0.428052 0.786606 0.127942 0.097931