0 0.228953 0.647844 0.098563 0.125257
0 0.141684 0.874743 0.084189 0.106776
0 0.697125 0.938398 0.073922 0.123203
0 0.936345 0.666324 0.080082 0.129363
0 0.958419 0.775154 0.083162 0.141684
0 0.556468 0.667351 0.059548 0.168378
0 0.523614 0.570842 0.129363 0.069815
0 0.455852 0.795688 0.080082 0.121150
0 0.388090 0.938398 0.084189 0.073922
0 0.612936 0.415811 0.065708 0.125257
0 0.175565 0.242300 0.061602 0.069815
0 0.144764 0.128337 0.053388 0.092402
0 0.257700 0.045175 0.106776 0.049281
0 0.060575 0.414784 0.078029 0.102669
0 0.144764 0.522587 0.143737 0.166324
0 0.620123 0.133470 0.129363 0.110883
0 0.698152 0.265914 0.096509 0.096509
0 0.761807 0.387064 0.096509 0.080082
0 0.816222 0.480493 0.094456 0.106776
0 0.849076 0.579055 0.098563 0.119097
0 0.826489 0.179671 0.106776 0.162218
0 0.776181 0.061602 0.141684 0.110883
0 0.937885 0.144764 0.124230 0.133470
0 0.954312 0.444559 0.091376 0.121150
0 0.870637 0.938398 0.063655 0.073922