0 0.546201 0.974333 0.063655 0.051334
0 0.471253 0.859343 0.094456 0.092402
0 0.407598 0.746407 0.110883 0.117043
0 0.023101 0.645791 0.046201 0.108830
0 0.206366 0.671458 0.073922 0.135524
0 0.324435 0.609856 0.104723 0.123203
0 0.424025 0.469199 0.123203 0.129363
0 0.377823 0.354209 0.121150 0.121150
0 0.217659 0.393224 0.121150 0.121150
0 0.065708 0.410678 0.125257 0.135524
0 0.065708 0.050308 0.121150 0.100616
0 0.116016 0.130390 0.102669 0.117043
0 0.229979 0.155031 0.108830 0.096509
0 0.381930 0.036961 0.100616 0.073922
0 0.419918 0.126283 0.090349 0.137577
0 0.487680 0.201232 0.098563 0.110883
0 0.525667 0.315195 0.104723 0.071869
0 0.648871 0.574949 0.092402 0.110883
0 0.708419 0.646817 0.133470 0.110883
0 0.721766 0.706366 0.061602 0.082136
0 0.620123 0.816222 0.067762 0.092402
0 0.802875 0.914784 0.092402 0.084189
0 0.912731 0.776181 0.057495 0.119097
0 0.952259 0.510267 0.095482 0.141684
0 0.905544 0.355236 0.084189 0.123203
0 0.793634 0.243326 0.119097 0.112936
0 0.715606 0.357290 0.094456 0.114990
0 0.955339 0.129363 0.089322 0.143737
0 0.502053 0.587269 0.102669 0.073922
0 0.843943 0.721766 0.100616 0.096509
0 0.520534 0.015400 0.078029 0.030800
0 0.169010 0.867162 0.052124 0.085295
0 0.157163 0.965092 0.053704 0.066340
0 0.101880 0.868741 0.063181 0.050545
0 0.298531 0.916127 0.115306 0.097931