0 0.191992 0.954825 0.151951 0.090349
0 0.126283 0.801848 0.086242 0.104723
0 0.061088 0.635524 0.122176 0.162218
0 0.030287 0.336756 0.060574 0.172485
0 0.100616 0.399384 0.084189 0.063655
0 0.168378 0.245380 0.137577 0.112936
0 0.205339 0.370637 0.063655 0.166324
0 0.292608 0.478439 0.135524 0.156057
0 0.483573 0.549281 0.143737 0.112936
0 0.574949 0.678645 0.100616 0.075975
0 0.685832 0.599589 0.084189 0.119097
0 0.756674 0.677618 0.106776 0.135524
0 0.828542 0.843943 0.094456 0.147844
0 0.885010 0.944559 0.108830 0.110882
0 0.739220 0.952772 0.112936 0.094456
0 0.619097 0.794661 0.102669 0.139630
0 0.491786 0.833676 0.102669 0.127310
0 0.379877 0.836756 0.063655 0.088296
0 0.300821 0.739220 0.069815 0.094456
0 0.225873 0.680698 0.096509 0.125257
0 0.436345 0.436345 0.098563 0.121150
0 0.252567 0.108830 0.125257 0.131417
0 0.511294 0.248460 0.133470 0.110883
0 0.457906 0.166324 0.121150 0.106776
0 0.595483 0.119097 0.133470 0.102669
0 0.554415 0.060575 0.133470 0.092402
0 0.873717 0.034908 0.098563 0.069815
0 0.934292 0.154004 0.117043 0.151951
0 0.785421 0.168378 0.102669 0.127310
0 0.707392 0.305955 0.143737 0.098563
0 0.771047 0.387064 0.147844 0.104723
0 0.787474 0.472279 0.114990 0.090349
0 0.863450 0.537988 0.110883 0.065708
0 0.891170 0.631417 0.112936 0.145791
0 0.645791 0.530801 0.094456 0.112936
0 0.588296 0.456879 0.086242 0.100616
0 0.938398 0.750513 0.117043 0.133470
0 0.918891 0.333676 0.090349 0.084189
0 0.574949 0.351129 0.084189 0.094456