0 0.163244 0.940452 0.102669 0.086242
0 0.036448 0.957906 0.072895 0.084188
0 0.066735 0.738193 0.094456 0.129363
0 0.059548 0.641684 0.088296 0.067762
0 0.120123 0.536961 0.073922 0.100616
0 0.183778 0.611910 0.078029 0.114990
0 0.223819 0.693018 0.096509 0.088296
0 0.301848 0.866530 0.104723 0.119097
0 0.236140 0.787474 0.075975 0.063655
0 0.371663 0.973306 0.096509 0.053388
0 0.694045 0.642710 0.145791 0.082136
0 0.787474 0.715606 0.000000 0.002053
0 0.717659 0.754620 0.147844 0.084189
0 0.804928 0.851129 0.092402 0.088296
0 0.677618 0.943532 0.112936 0.104723
0 0.430185 0.505133 0.119097 0.131417
0 0.375770 0.694045 0.145791 0.090349
0 0.477413 0.898357 0.049281 0.112936
0 0.203285 0.335729 0.154004 0.112936
0 0.055441 0.373717 0.071869 0.086242
0 0.030287 0.289528 0.060574 0.106776
0 0.128337 0.236140 0.057495 0.073922
0 0.250513 0.148871 0.100616 0.096509
0 0.580082 0.480493 0.102669 0.098563
0 0.532854 0.322382 0.102669 0.073922
0 0.466119 0.206366 0.108830 0.075975
0 0.636550 0.233060 0.084189 0.092402
0 0.711499 0.504107 0.119097 0.067762
0 0.894251 0.481520 0.102669 0.137577
0 0.724846 0.118070 0.104723 0.088296
0 0.713552 0.324435 0.061602 0.086242
0 0.977926 0.340862 0.044148 0.147844
0 0.939425 0.206072 0.111470 0.104136
0 0.788354 0.206806 0.105603 0.129070
0 0.389410 0.069669 0.090936 0.092402
0 0.072602 0.116603 0.064535 0.104136
0 0.822822 0.931945 0.068935 0.136110