0 0.209446 0.809035 0.145791 0.147844
0 0.132444 0.652977 0.098563 0.110883
0 0.043121 0.531828 0.067762 0.106776
0 0.434292 0.322382 0.073922 0.156057
0 0.756674 0.263860 0.110883 0.133470
0 0.857290 0.452772 0.119097 0.137577
0 0.666324 0.789528 0.119097 0.104723
0 0.467146 0.667351 0.102669 0.135524
0 0.140657 0.063655 0.123203 0.127310
0 0.195072 0.444559 0.166324 0.162218
0 0.314168 0.710472 0.092402 0.094456
0 0.672485 0.460986 0.102669 0.088296
0 0.607329 0.617596 0.104249 0.072658
0 0.353815 0.512557 0.102669 0.074238
0 0.544148 0.191913 0.066340 0.200600
0 0.214816 0.196651 0.090033 0.093192
0 0.978202 0.781077 0.043595 0.162692
0 0.807929 0.945348 0.091613 0.067920
0 0.768441 0.893224 0.101090 0.071079
0 0.927973 0.944559 0.078976 0.072658
0 0.456484 0.939030 0.086874 0.061602
0 0.278787 0.944559 0.107408 0.066340
0 0.393303 0.821355 0.071079 0.082136