0 0.142882 0.936003 0.102669 0.126626
0 0.367899 0.691307 0.114648 0.116359
0 0.035507 0.711841 0.071013 0.099247
0 0.622005 0.628850 0.174538 0.111225
0 0.509069 0.652806 0.116359 0.097536
0 0.710986 0.769165 0.126626 0.118070
0 0.526181 0.957734 0.119781 0.084531
0 0.672485 0.958590 0.100958 0.082820
0 0.811944 0.946612 0.143737 0.106776
0 0.937628 0.572382 0.124743 0.159138
0 0.598049 0.207906 0.109514 0.104381
0 0.501369 0.345654 0.128337 0.126626
0 0.391855 0.479979 0.135181 0.111225
0 0.065024 0.108658 0.077002 0.131759
0 0.205339 0.100103 0.118070 0.114648
0 0.520192 0.079569 0.077002 0.111225
0 0.667351 0.357632 0.118070 0.147159
0 0.260780 0.918891 0.067762 0.100616
0 0.304928 0.965092 0.069815 0.069815
0 0.146817 0.380903 0.110883 0.121150