0 0.033368 0.116603 0.066735 0.080669
0 0.093869 0.194339 0.083602 0.095336
0 0.239073 0.518480 0.086536 0.124670
0 0.415078 0.192872 0.092402 0.139337
0 0.348343 0.074802 0.082136 0.108536
0 0.538281 0.093869 0.118803 0.111470
0 0.808155 0.054268 0.092402 0.067468
0 0.957759 0.290408 0.080669 0.123203
0 0.840422 0.346143 0.086536 0.123203
0 0.849223 0.436345 0.060135 0.121737
0 0.437812 0.578615 0.105603 0.130537
0 0.056468 0.798621 0.111470 0.089469
0 0.921825 0.852889 0.082136 0.115870
0 0.850689 0.704019 0.110003 0.111470
0 0.767820 0.933558 0.105603 0.112936
0 0.597683 0.273541 0.134937 0.112936
0 0.511880 0.409944 0.101203 0.110003
0 0.459812 0.318275 0.090936 0.085069