0 0.504107 0.712526 0.123203 0.090349
0 0.298768 0.936345 0.123203 0.102669
0 0.040554 0.773101 0.081108 0.100616
0 0.131417 0.905544 0.112936 0.135524
0 0.238193 0.765914 0.104723 0.119097
0 0.185832 0.241273 0.082136 0.129363
0 0.228953 0.312115 0.090349 0.086242
0 0.035421 0.543121 0.070842 0.104723
0 0.137137 0.486946 0.085069 0.046935
0 0.186272 0.525081 0.080669 0.073335
0 0.053901 0.402611 0.107802 0.077735
0 0.036668 0.056468 0.071869 0.112936
0 0.497213 0.169405 0.083602 0.089469
0 0.374743 0.548548 0.134937 0.093869
0 0.849223 0.403344 0.045468 0.152537
0 0.664418 0.189205 0.060135 0.111470
0 0.465679 0.428278 0.046935 0.044001
0 0.626283 0.844823 0.083602 0.102669
0 0.388677 0.772954 0.077735 0.082136
0 0.437812 0.849956 0.096803 0.095336