0 0.245617 0.823725 0.091613 0.127942
0 0.031985 0.683146 0.063970 0.108988
0 0.911388 0.815037 0.071079 0.066340
0 0.917707 0.911388 0.086874 0.063181
0 0.979782 0.646817 0.040436 0.093192
0 0.873480 0.461223 0.102669 0.132680
0 0.513347 0.346707 0.071079 0.096351
0 0.333281 0.381456 0.124783 0.172169
0 0.166640 0.375138 0.097931 0.090033
0 0.119254 0.309588 0.129521 0.091613
0 0.432001 0.257463 0.075817 0.110567
0 0.420945 0.546517 0.091613 0.126362
0 0.293792 0.621545 0.093192 0.074238
0 0.631022 0.928842 0.120044 0.142316
0 0.390934 0.171379 0.116885 0.115306
0 0.356974 0.126362 0.143737 0.116885
0 0.054099 0.124783 0.108198 0.078976
0 0.647607 0.278787 0.096351 0.074238
0 0.965566 0.274048 0.068867 0.112147
0 0.817406 0.358553 0.120044 0.056863
0 0.920076 0.189544 0.094772 0.104249
0 0.794503 0.638130 0.134260 0.113726
0 0.691834 0.721055 0.143737 0.083715
0 0.483336 0.717896 0.124783 0.086874