0 0.117043 0.913758 0.075975 0.061602
0 0.158111 0.757700 0.125257 0.106776
0 0.327515 0.656057 0.094456 0.133470
0 0.228953 0.510267 0.086242 0.121150
0 0.051848 0.510267 0.103696 0.141684
0 0.030287 0.127310 0.060574 0.119097
0 0.122177 0.330595 0.086242 0.102669
0 0.336756 0.075975 0.063655 0.102669
0 0.419918 0.166324 0.098563 0.106776
0 0.591376 0.257700 0.117043 0.121150
0 0.531828 0.442505 0.088296 0.133470
0 0.688912 0.452772 0.094456 0.080082
0 0.600616 0.606776 0.119097 0.100616
0 0.396304 0.828542 0.108830 0.154004
0 0.547228 0.802875 0.098563 0.151951
0 0.698152 0.736140 0.100616 0.141684
0 0.761807 0.234086 0.145791 0.094456
0 0.959446 0.651951 0.081108 0.133470
0 0.433265 0.300821 0.080082 0.096509