0 0.190965 0.438398 0.088296 0.080082
0 0.405544 0.249487 0.131417 0.137577
0 0.299795 0.120123 0.096509 0.104723
0 0.486653 0.050308 0.117043 0.100616
0 0.572895 0.160164 0.108830 0.098563
0 0.570842 0.351129 0.108830 0.123203
0 0.464066 0.370637 0.108830 0.059548
0 0.676591 0.540041 0.098563 0.106776
0 0.617043 0.506160 0.102669 0.104723
0 0.514374 0.509240 0.110883 0.098563
0 0.754620 0.412731 0.106776 0.123203
0 0.893224 0.587269 0.071869 0.106776
0 0.956366 0.451745 0.087268 0.114990
0 0.743326 0.193018 0.084189 0.123203
0 0.664271 0.047228 0.073922 0.094456
0 0.921971 0.154004 0.096509 0.073922
0 0.800821 0.044148 0.092402 0.088296