0 0.194045 0.222793 0.098563 0.067762
0 0.220739 0.147844 0.119097 0.135524
0 0.140657 0.099589 0.110883 0.100616
0 0.072382 0.291581 0.144764 0.102669
0 0.314168 0.418891 0.141684 0.110883
0 0.371663 0.560575 0.125257 0.164271
0 0.062628 0.718686 0.119097 0.164271
0 0.245380 0.918891 0.090349 0.125257
0 0.092402 0.930185 0.145791 0.139630
0 0.734086 0.937372 0.188912 0.125256
0 0.814168 0.756674 0.086242 0.104723
0 0.908624 0.811088 0.114990 0.065708
0 0.885010 0.899384 0.063655 0.110883
0 0.896304 0.514374 0.114990 0.117043
0 0.921971 0.336756 0.112936 0.119097
0 0.839836 0.207392 0.137577 0.090349
0 0.656057 0.150924 0.143737 0.104723
0 0.734086 0.311088 0.168378 0.075975
0 0.939425 0.036961 0.098563 0.073922
0 0.756674 0.045175 0.090349 0.090349
0 0.550308 0.872690 0.108830 0.086242
0 0.642868 0.747117 0.067920 0.091613
0 0.028826 0.431211 0.057652 0.104249