0 0.064168 0.949692 0.128336 0.100616
0 0.058008 0.607803 0.116016 0.119097
0 0.108830 0.432238 0.084189 0.108830
0 0.036448 0.296715 0.072895 0.088296
0 0.124230 0.116016 0.082136 0.129363
0 0.102669 0.035934 0.080082 0.071868
0 0.264887 0.072895 0.075975 0.104723
0 0.441478 0.091376 0.092402 0.162218
0 0.583162 0.124230 0.129363 0.104723
0 0.305955 0.475359 0.108830 0.067762
0 0.188912 0.640657 0.133470 0.164271
0 0.525667 0.560575 0.133470 0.114990
0 0.531828 0.637577 0.092402 0.108830
0 0.591376 0.691992 0.096509 0.086242
0 0.662218 0.827515 0.110883 0.094456
0 0.808008 0.867556 0.131417 0.084189
0 0.731006 0.966119 0.096509 0.067762
0 0.565708 0.939425 0.110883 0.084189
0 0.325462 0.892197 0.131417 0.112936
0 0.130390 0.808008 0.102669 0.133470
0 0.444559 0.448665 0.106776 0.112936
0 0.353183 0.253593 0.071869 0.112936
0 0.161191 0.305955 0.094456 0.114990
0 0.234086 0.381930 0.112936 0.098563
0 0.783368 0.066735 0.114990 0.121150
0 0.849076 0.255647 0.086242 0.125257
0 0.961499 0.229979 0.077002 0.266940
0 0.964579 0.455852 0.070842 0.090349
0 0.841889 0.562628 0.088296 0.114990
0 0.605749 0.455852 0.145791 0.110883
0 0.726899 0.657084 0.104723 0.114990
0 0.341178 0.616016 0.074238 0.082136
0 0.508608 0.183225 0.090033 0.063181
0 0.519665 0.263781 0.077397 0.129521
0 0.787395 0.739220 0.094772 0.097931
0 0.915337 0.726583 0.088454 0.094772
0 0.369610 0.354604 0.086874 0.156373