0 0.095825 0.064168 0.070157 0.128336
0 0.045346 0.237851 0.085558 0.099247
0 0.184805 0.219028 0.114648 0.126626
0 0.286619 0.103525 0.071869 0.077002
0 0.325975 0.195072 0.119781 0.099247
0 0.376454 0.285763 0.176249 0.147159
0 0.408111 0.372177 0.068446 0.073580
0 0.479124 0.400411 0.114648 0.119781
0 0.492813 0.507358 0.121492 0.063313
0 0.550992 0.584360 0.077002 0.097536
0 0.354209 0.600616 0.118070 0.140315
0 0.252396 0.639117 0.102669 0.083847
0 0.091547 0.358487 0.088980 0.097536
0 0.130048 0.428645 0.080424 0.087269
0 0.112936 0.535592 0.121492 0.068446
0 0.171971 0.791410 0.106092 0.111225
0 0.288330 0.715264 0.092402 0.136893
0 0.455168 0.739220 0.077002 0.116359
0 0.707563 0.601472 0.112936 0.100958
0 0.647673 0.758898 0.078713 0.090691
0 0.779432 0.467146 0.082136 0.154004
0 0.941051 0.501369 0.117898 0.088980
0 0.933436 0.645962 0.085558 0.165982
0 0.840178 0.765743 0.063313 0.080424
0 0.730664 0.327687 0.077002 0.077002
0 0.638261 0.202772 0.090691 0.083847
0 0.480835 0.126626 0.118070 0.092402
0 0.523614 0.240418 0.094114 0.094114
0 0.578371 0.379877 0.107803 0.119781
0 0.422656 0.040212 0.070157 0.080424
0 0.949606 0.133470 0.100787 0.147159
0 0.870979 0.630561 0.070157 0.053046
0 0.864990 0.568960 0.078713 0.073580
0 0.701574 0.868412 0.104381 0.121492
0 0.743498 0.952601 0.065024 0.094798
0 0.849589 0.865845 0.119781 0.099247
0 0.366188 0.882101 0.107803 0.124914
0 0.065880 0.954312 0.102669 0.091376
0 0.558693 0.889802 0.102669 0.106092
0 0.571526 0.959446 0.087269 0.081108
0 0.255818 0.398700 0.133470 0.092402
0 0.334531 0.466290 0.106092 0.104381
0 0.615227 0.853736 0.094772 0.086874