0 0.134497 0.840862 0.090349 0.084189
0 0.073922 0.739220 0.092402 0.172485
0 0.326489 0.776181 0.117043 0.114990
0 0.533881 0.909651 0.100616 0.114990
0 0.702259 0.941478 0.121150 0.088296
0 0.682752 0.863450 0.114990 0.121150
0 0.608830 0.747433 0.131417 0.143737
0 0.570842 0.652977 0.129363 0.139630
0 0.514374 0.568789 0.114990 0.139630
0 0.448665 0.425051 0.139630 0.073922
0 0.394251 0.325462 0.071869 0.145791
0 0.347023 0.240246 0.100616 0.127310
0 0.580082 0.294661 0.176591 0.108830
0 0.594456 0.392197 0.078029 0.176591
0 0.738193 0.569815 0.119097 0.133470
0 0.774127 0.724846 0.100616 0.127310
0 0.825462 0.815195 0.092402 0.143737
0 0.900411 0.645791 0.082136 0.133470
0 0.868583 0.567762 0.100616 0.100616
0 0.818275 0.452772 0.082136 0.154004
0 0.770021 0.358316 0.080082 0.121150
0 0.818275 0.149897 0.102669 0.123203
0 0.926078 0.041068 0.108830 0.082136
0 0.917864 0.381930 0.088296 0.123203
0 0.959446 0.472279 0.081108 0.131417
0 0.299795 0.420945 0.117043 0.098563
0 0.100616 0.383984 0.084189 0.065708
0 0.059035 0.285421 0.118070 0.135524
0 0.152977 0.119097 0.102669 0.086242