0 0.311088 0.800821 0.119097 0.110883
0 0.507029 0.936661 0.118465 0.097931
0 0.399621 0.653925 0.102669 0.101090
0 0.353025 0.515716 0.110567 0.093192
0 0.184015 0.555994 0.101090 0.101090
0 0.165061 0.492813 0.129521 0.082136
0 0.150845 0.418575 0.078976 0.094772
0 0.112147 0.373559 0.099510 0.083715
0 0.284315 0.141368 0.140578 0.099510
0 0.444637 0.097141 0.075817 0.067920
0 0.503870 0.189544 0.080556 0.129521
0 0.572579 0.474649 0.101090 0.131101
0 0.653135 0.495182 0.101090 0.115306
0 0.532301 0.602590 0.118465 0.086874
0 0.721845 0.631022 0.099510 0.108988
0 0.781077 0.798452 0.120044 0.137419
0 0.700521 0.952456 0.066340 0.072658
0 0.894014 0.963592 0.093192 0.072816
0 0.888485 0.349866 0.107408 0.118465
0 0.713157 0.326173 0.110567 0.118465
0 0.613647 0.105039 0.113726 0.108988
0 0.582846 0.039488 0.071079 0.072658
0 0.776339 0.057653 0.097931 0.105828
0 0.832412 0.197441 0.052124 0.138999
0 0.913758 0.100300 0.097931 0.058443
0 0.968251 0.155584 0.058443 0.108988
0 0.847417 0.548886 0.123203 0.124783
0 0.944559 0.784236 0.077397 0.099510