0 0.025301 0.221473 0.050601 0.146671
0 0.093136 0.089469 0.096803 0.111470
0 0.165004 0.184072 0.073335 0.089469
0 0.305808 0.124670 0.129070 0.120270
0 0.280874 0.382077 0.129070 0.118803
0 0.117336 0.423878 0.045468 0.105603
0 0.049501 0.602816 0.099002 0.102669
0 0.186272 0.559548 0.107070 0.074802
0 0.120270 0.695952 0.098269 0.107070
0 0.140804 0.773687 0.127603 0.092402
0 0.268407 0.668818 0.124670 0.099736
0 0.210472 0.913758 0.090936 0.090936
0 0.348343 0.503080 0.105603 0.090936
0 0.569815 0.616750 0.129070 0.142270
0 0.430478 0.705485 0.049868 0.079202
0 0.472279 0.811088 0.077735 0.082136
0 0.521414 0.901291 0.126137 0.148137
0 0.761954 0.732620 0.064535 0.151071
0 0.893957 0.654884 0.152537 0.080669
0 0.959446 0.465679 0.081108 0.130537
0 0.916691 0.349076 0.104136 0.102669
0 0.818422 0.231740 0.165738 0.155471
0 0.776621 0.033001 0.085069 0.066002
0 0.591816 0.291874 0.096803 0.099736
0 0.676885 0.510414 0.126137 0.137870
0 0.535348 0.458346 0.080669 0.112936
0 0.446612 0.367410 0.093869 0.127603