0 0.682752 0.871663 0.114990 0.125257
0 0.750513 0.941478 0.119097 0.117043
0 0.574949 0.954825 0.104723 0.090349
0 0.045688 0.532854 0.091376 0.133470
0 0.091376 0.382957 0.094456 0.112936
0 0.211499 0.315195 0.092402 0.096509
0 0.271047 0.435318 0.108830 0.127310
0 0.186858 0.550308 0.080082 0.110883
0 0.124230 0.696099 0.069815 0.086242
0 0.611910 0.658111 0.096509 0.170431
0 0.513347 0.571869 0.096509 0.125257
0 0.839836 0.796715 0.112936 0.094456
0 0.796715 0.400411 0.149897 0.164271
0 0.337953 0.147159 0.099247 0.106092
0 0.393566 0.202772 0.083847 0.080424
0 0.518480 0.148015 0.104381 0.104381
0 0.407255 0.278063 0.114648 0.131759
0 0.811088 0.153149 0.104381 0.097536
0 0.781143 0.025667 0.126626 0.051334
0 0.607461 0.029090 0.138604 0.058179
0 0.435489 0.023101 0.092402 0.046201
0 0.254962 0.030801 0.148871 0.061602
0 0.922863 0.036668 0.093014 0.073335
0 0.735797 0.572382 0.104381 0.118070
0 0.388433 0.643395 0.059890 0.106092
0 0.343943 0.857290 0.080424 0.078713
0 0.455168 0.914613 0.080424 0.077002
0 0.752909 0.753765 0.104381 0.114648
0 0.908624 0.916324 0.104381 0.094114
0 0.960729 0.803388 0.078542 0.059890
0 0.618583 0.429500 0.154004 0.058179
0 0.899213 0.285763 0.068446 0.095825
0 0.535348 0.222939 0.080669 0.082136
0 0.933558 0.118803 0.114403 0.055735
0 0.898357 0.635817 0.114403 0.060135
0 0.027501 0.839689 0.055001 0.115870
0 0.070402 0.956292 0.092402 0.082136