0 0.064535 0.016867 0.118803 0.033734
0 0.045835 0.221473 0.091669 0.102669
0 0.046568 0.305808 0.093136 0.066002
0 0.247140 0.366676 0.126137 0.105603
0 0.161338 0.478879 0.110003 0.101203
0 0.373277 0.307275 0.093869 0.083602
0 0.224406 0.286741 0.077735 0.092402
0 0.129070 0.119537 0.092402 0.115870
0 0.044001 0.520681 0.077735 0.099736
0 0.070402 0.646817 0.063068 0.093869
0 0.143004 0.760487 0.073335 0.104136
0 0.214872 0.907158 0.085069 0.098269
0 0.404811 0.663684 0.112936 0.121737
0 0.286741 0.720886 0.076269 0.092402
0 0.462012 0.743620 0.145204 0.146671
0 0.539014 0.882224 0.070402 0.171605
0 0.419478 0.903491 0.110003 0.096803
0 0.529481 0.585949 0.112936 0.139337
0 0.224406 0.552215 0.089469 0.112936
0 0.433412 0.069669 0.090936 0.104136
0 0.291874 0.121003 0.112936 0.089469
0 0.632150 0.164271 0.089469 0.096803
0 0.615283 0.088002 0.096803 0.088002
0 0.777354 0.031534 0.071869 0.063068
0 0.841156 0.174538 0.073335 0.079202
0 0.885157 0.258874 0.093869 0.127603
0 0.730419 0.297741 0.083602 0.111470
0 0.580082 0.354943 0.129070 0.073335
0 0.680551 0.541214 0.057202 0.096803
0 0.731153 0.610883 0.132004 0.104136
0 0.721619 0.920358 0.112936 0.133470
0 0.849956 0.830889 0.093869 0.139337
0 0.945292 0.390144 0.088002 0.114403
0 0.261074 0.959812 0.107070 0.080375
0 0.402611 0.979613 0.061602 0.040774
0 0.594749 0.964212 0.041068 0.071575
0 0.297741 0.442945 0.077735 0.090936
0 0.947492 0.118803 0.068935 0.076269