0 0.133470 0.214026 0.110567 0.137419
0 0.274838 0.128732 0.090033 0.083715
0 0.332491 0.255094 0.104249 0.121624
0 0.530722 0.368820 0.200600 0.102669
0 0.728953 0.338809 0.107408 0.105828
0 0.450956 0.152425 0.088454 0.181646
0 0.469120 0.284315 0.112147 0.041068
0 0.533881 0.610488 0.131101 0.131101
0 0.319855 0.544148 0.107408 0.121624
0 0.224293 0.457274 0.071079 0.131101
0 0.778708 0.736850 0.077397 0.115306
0 0.879798 0.688675 0.090033 0.132680
0 0.809509 0.854525 0.113726 0.101090
0 0.945348 0.483336 0.075817 0.126362
0 0.767651 0.435160 0.077397 0.112147