0 0.293634 0.283368 0.092402 0.086242
0 0.962012 0.130390 0.069815 0.104723
0 0.877823 0.278234 0.078029 0.075975
0 0.962526 0.404517 0.074948 0.094456
0 0.870637 0.497947 0.096509 0.084189
0 0.797741 0.698152 0.082136 0.098563
0 0.706366 0.788501 0.071869 0.102669
0 0.581109 0.873717 0.067762 0.096509
0 0.431211 0.893224 0.133470 0.094456
0 0.476386 0.953799 0.063655 0.092402
0 0.206366 0.578029 0.106776 0.080082
0 0.427105 0.434292 0.084189 0.088296
0 0.526694 0.299795 0.098563 0.057495
0 0.301690 0.717106 0.074238 0.116885
0 0.980572 0.231401 0.038856 0.061602