0 0.109856 0.092402 0.147844 0.110883
0 0.493840 0.146817 0.135524 0.117043
0 0.684805 0.083162 0.156057 0.104723
0 0.903491 0.086242 0.067762 0.106776
0 0.584189 0.163244 0.106776 0.080082
0 0.604723 0.274127 0.098563 0.133470
0 0.684805 0.261807 0.123203 0.100616
0 0.798768 0.250513 0.084189 0.073922
0 0.891170 0.322382 0.112936 0.106776
0 0.826489 0.497947 0.049281 0.063655
0 0.578029 0.619097 0.090349 0.121150
0 0.460986 0.527721 0.078029 0.078029
0 0.394251 0.462012 0.100616 0.090349
0 0.138209 0.614437 0.091613 0.078976
0 0.176118 0.682357 0.056863 0.075817
0 0.067920 0.736850 0.096351 0.080556
0 0.214026 0.874269 0.078976 0.077397
0 0.031196 0.915337 0.062391 0.064761
0 0.474649 0.785816 0.116885 0.086874
0 0.371979 0.623914 0.088454 0.082136
0 0.300900 0.578897 0.078976 0.083715
0 0.191913 0.460433 0.082136 0.067920
0 0.234560 0.266940 0.066340 0.066340
0 0.679987 0.760543 0.097931 0.083715
0 0.836361 0.746328 0.085295 0.093192
0 0.920076 0.614437 0.091613 0.082136
0 0.776339 0.864792 0.078976 0.090033
0 0.586005 0.868741 0.067920 0.078976
0 0.386195 0.880588 0.085295 0.067920
0 0.703680 0.969910 0.060022 0.060180
0 0.844258 0.965961 0.082136 0.068078
0 0.923235 0.964382 0.088454 0.071236