0 0.113963 0.960986 0.069815 0.053388
0 0.150924 0.865503 0.057495 0.075975
0 0.201232 0.860370 0.071869 0.061602
0 0.181725 0.905544 0.057495 0.069815
0 0.212526 0.802875 0.057495 0.069815
0 0.228953 0.759754 0.069815 0.045175
0 0.260780 0.796715 0.075975 0.065708
0 0.276181 0.727926 0.057495 0.080082
0 0.303901 0.685832 0.063655 0.082136
0 0.395277 0.607803 0.049281 0.041068
0 0.414784 0.583162 0.055441 0.061602
0 0.455852 0.542094 0.063655 0.069815
0 0.484600 0.488706 0.067762 0.078029
0 0.526694 0.419918 0.053388 0.059548
0 0.563655 0.365503 0.057495 0.053388
0 0.609856 0.365503 0.063655 0.094456
0 0.677618 0.300821 0.071869 0.063655
0 0.722793 0.208419 0.063655 0.063655
0 0.759754 0.176591 0.096509 0.082136
0 0.784394 0.120123 0.063655 0.063655
0 0.813142 0.060575 0.084189 0.063655
0 0.404517 0.658111 0.030801 0.075975
0 0.298768 0.944559 0.090349 0.065708
0 0.348049 0.911704 0.053388 0.049281
0 0.343943 0.871663 0.053388 0.059548
0 0.396304 0.878850 0.080082 0.094456
0 0.418891 0.810062 0.043121 0.080082
0 0.453799 0.792608 0.059548 0.065708
0 0.505133 0.735113 0.063655 0.053388
0 0.535934 0.690965 0.080082 0.075975
0 0.577002 0.593429 0.067762 0.053388
0 0.628337 0.583162 0.055441 0.061602
0 0.655031 0.519507 0.067762 0.073922
0 0.699179 0.485626 0.073922 0.075975
0 0.664271 0.465092 0.061602 0.043121
0 0.724846 0.425051 0.059548 0.057495
0 0.802875 0.335729 0.067762 0.108830
0 0.904517 0.232033 0.061602 0.069815
0 0.920945 0.164271 0.057495 0.049281
0 0.968172 0.164271 0.053388 0.094456
0 0.982033 0.079055 0.035934 0.063655
0 0.445585 0.983573 0.084189 0.032854
0 0.505133 0.914784 0.075975 0.063655
0 0.509240 0.967146 0.071869 0.065708
0 0.599589 0.823409 0.055441 0.082136
0 0.637577 0.848049 0.061602 0.065708
0 0.656057 0.782341 0.061602 0.078029
0 0.701232 0.742300 0.078029 0.051335
0 0.718686 0.689938 0.047228 0.065708
0 0.773101 0.686858 0.073922 0.080082
0 0.749487 0.634497 0.059548 0.065708
0 0.823409 0.634497 0.080082 0.078029
0 0.801848 0.567762 0.069815 0.039014
0 0.859343 0.539014 0.114990 0.075975
0 0.880903 0.477413 0.071869 0.075975
0 0.932238 0.456879 0.055441 0.075975
0 0.946612 0.403491 0.071869 0.059548
0 0.966632 0.351129 0.066735 0.069815
0 0.976899 0.300821 0.046201 0.051335
0 0.670431 0.973306 0.065708 0.053388
0 0.728953 0.937372 0.080082 0.055441
0 0.797741 0.863450 0.049281 0.055441
0 0.914784 0.689938 0.061602 0.065708
0 0.957392 0.674538 0.085216 0.075975
0 0.973306 0.612936 0.047228 0.075975
0 0.958419 0.864476 0.083162 0.098563
0 0.935318 0.928131 0.098563 0.065708
0 0.900411 0.977413 0.127310 0.045174
0 0.682752 0.016427 0.049281 0.032854
0 0.634497 0.053388 0.067762 0.061602
0 0.586242 0.112936 0.065708 0.045175
0 0.555441 0.162218 0.053388 0.057495
0 0.497947 0.216632 0.073922 0.043121
0 0.459959 0.262834 0.071869 0.065708
0 0.312115 0.463039 0.047228 0.063655
0 0.294661 0.487680 0.069815 0.055441
0 0.263860 0.525667 0.073922 0.069815
0 0.213552 0.573922 0.067762 0.059548
0 0.197125 0.603696 0.059548 0.073922
0 0.034908 0.794661 0.051335 0.028747
0 0.106776 0.716632 0.075975 0.082136
0 0.067762 0.496920 0.096509 0.073922
0 0.120123 0.431211 0.094456 0.073922
0 0.173511 0.376797 0.045175 0.030801
0 0.290554 0.237166 0.065708 0.063655
0 0.313142 0.200205 0.065708 0.063655
0 0.369610 0.143737 0.088296 0.069815
0 0.416838 0.061602 0.067762 0.053388
0 0.272074 0.025667 0.065708 0.051334
0 0.227926 0.057495 0.071869 0.061602
0 0.196099 0.106776 0.078029 0.057495
0 0.155031 0.156057 0.082136 0.053388
0 0.121150 0.207392 0.063655 0.069815
0 0.083162 0.236140 0.082136 0.073922
0 0.024127 0.337782 0.048254 0.067762
0 0.045688 0.026694 0.091376 0.049281