0 0.018994 0.167351 0.037988 0.059548
0 0.046201 0.108830 0.078029 0.061602
0 0.050308 0.052361 0.053388 0.067762
0 0.074949 0.022587 0.069815 0.045174
0 0.117043 0.018480 0.039014 0.036960
0 0.015914 0.388090 0.031828 0.057495
0 0.034394 0.336756 0.068788 0.073922
0 0.054415 0.284394 0.057495 0.063655
0 0.097536 0.292608 0.053388 0.100616
0 0.111910 0.226899 0.065708 0.063655
0 0.128337 0.189938 0.049281 0.067762
0 0.176591 0.196099 0.071869 0.096509
0 0.205339 0.130390 0.051335 0.071869
0 0.233060 0.160164 0.049281 0.090349
0 0.252567 0.086242 0.047228 0.053388
0 0.289528 0.058522 0.055441 0.055441
0 0.321355 0.030801 0.061602 0.061602
0 0.017967 0.667351 0.035934 0.057495
0 0.026694 0.609856 0.034908 0.065708
0 0.061602 0.616016 0.051335 0.065708
0 0.130390 0.504107 0.057495 0.063655
0 0.197125 0.417864 0.051335 0.051335
0 0.183778 0.379877 0.069815 0.082136
0 0.249487 0.364476 0.069815 0.084189
0 0.284394 0.313142 0.069815 0.051335
0 0.296715 0.265914 0.057495 0.071869
0 0.341889 0.236140 0.073922 0.073922
0 0.383984 0.208419 0.063655 0.071869
0 0.420945 0.136550 0.063655 0.055441
0 0.449692 0.079055 0.080082 0.059548
0 0.482546 0.042094 0.084189 0.059548
0 0.520534 0.019507 0.086242 0.039014
0 0.038501 0.882957 0.077002 0.078029
0 0.057495 0.800821 0.055441 0.065708
0 0.090349 0.819302 0.067762 0.082136
0 0.119097 0.746407 0.055441 0.092402
0 0.147844 0.776181 0.063655 0.073922
0 0.149897 0.697125 0.067762 0.096509
0 0.196099 0.712526 0.065708 0.082136
0 0.200205 0.634497 0.065708 0.057495
0 0.245380 0.646817 0.061602 0.057495
0 0.319302 0.515400 0.069815 0.053388
0 0.329569 0.454825 0.082136 0.047228
0 0.358316 0.482546 0.090349 0.082136
0 0.392197 0.431211 0.088296 0.094456
0 0.410678 0.369610 0.055441 0.073922
0 0.464066 0.329569 0.080082 0.108830
0 0.509240 0.260780 0.059548 0.082136
0 0.591376 0.128337 0.071869 0.063655
0 0.611910 0.157084 0.075975 0.071869
0 0.671458 0.036961 0.055441 0.069815
0 0.720739 0.037988 0.071869 0.071869
0 0.687885 0.083162 0.051335 0.063655
0 0.942505 0.020534 0.084189 0.041068
0 0.869610 0.098563 0.073922 0.082136
0 0.781314 0.139630 0.041068 0.073922
0 0.820329 0.176591 0.065708 0.069815
0 0.737166 0.238193 0.067762 0.094456
0 0.681725 0.304928 0.059548 0.080082
0 0.638604 0.353183 0.059548 0.061602
0 0.626283 0.387064 0.071869 0.063655
0 0.587269 0.429158 0.071869 0.065708
0 0.557495 0.473306 0.065708 0.055441
0 0.531828 0.517454 0.063655 0.065708
0 0.503080 0.552361 0.084189 0.073922
0 0.492813 0.598563 0.059548 0.059548
0 0.421971 0.628337 0.065708 0.106776
0 0.324435 0.762834 0.067762 0.088296
0 0.357290 0.787474 0.051335 0.059548
0 0.302875 0.794661 0.102669 0.106776
0 0.248460 0.834702 0.071869 0.084189
0 0.308008 0.863450 0.080082 0.088296
0 0.181725 0.878850 0.057495 0.078029
0 0.224846 0.900411 0.049281 0.059548
0 0.157084 0.963039 0.073922 0.073922
0 0.093429 0.978439 0.036961 0.043121
0 0.349076 0.980493 0.067762 0.039014
0 0.360370 0.952772 0.053388 0.049281
0 0.404517 0.941478 0.063655 0.047228
0 0.411704 0.902464 0.053388 0.055441
0 0.412731 0.870637 0.055441 0.061602
0 0.471253 0.866530 0.082136 0.061602
0 0.457906 0.913758 0.084189 0.073922
0 0.468172 0.822382 0.067762 0.075975
0 0.526694 0.752567 0.061602 0.063655
0 0.509240 0.810062 0.059548 0.071869
0 0.596509 0.683778 0.061602 0.069815
0 0.642710 0.571869 0.084189 0.063655
0 0.685832 0.542094 0.088296 0.057495
0 0.702259 0.602669 0.075975 0.071869
0 0.751540 0.475359 0.075975 0.080082
0 0.792608 0.435318 0.084189 0.073922
0 0.830595 0.382957 0.073922 0.063655
0 0.872690 0.279261 0.059548 0.073922
0 0.905544 0.311088 0.080082 0.075975
0 0.934292 0.239220 0.067762 0.067762
0 0.959959 0.199179 0.078029 0.073922
0 0.967659 0.446612 0.064682 0.071869
0 0.898357 0.524641 0.069815 0.075975
0 0.883984 0.579055 0.090349 0.073922
0 0.824435 0.686858 0.073922 0.059548
0 0.772074 0.721766 0.043121 0.047228
0 0.723819 0.766940 0.041068 0.051335
0 0.746407 0.799795 0.053388 0.051335
0 0.690965 0.842916 0.057495 0.063655
0 0.656057 0.881930 0.057495 0.043121
0 0.607803 0.922998 0.067762 0.075975
0 0.554415 0.972279 0.063655 0.055441
0 0.747433 0.971253 0.051335 0.057494
0 0.797741 0.953799 0.131417 0.092402
0 0.805955 0.894251 0.082136 0.100616
0 0.887064 0.816222 0.088296 0.092402
0 0.899384 0.853183 0.071869 0.059548
0 0.978953 0.673511 0.042094 0.078029
0 0.957906 0.963039 0.078029 0.073922