0 0.027207 0.236140 0.054414 0.065708
0 0.065708 0.152977 0.051335 0.047228
0 0.079055 0.101643 0.073922 0.063655
0 0.120123 0.100616 0.065708 0.086242
0 0.187885 0.023614 0.078029 0.047228
0 0.025154 0.028747 0.050308 0.057494
0 0.029261 0.515400 0.058522 0.057495
0 0.035934 0.420945 0.065708 0.073922
0 0.073922 0.429158 0.047228 0.069815
0 0.073922 0.348049 0.063655 0.092402
0 0.129363 0.356263 0.075975 0.104723
0 0.119097 0.282341 0.051335 0.067762
0 0.171458 0.274127 0.069815 0.088296
0 0.201232 0.241273 0.059548 0.080082
0 0.238193 0.190965 0.063655 0.065708
0 0.271047 0.137577 0.063655 0.069815
0 0.310062 0.097536 0.096509 0.088296
0 0.350103 0.057495 0.082136 0.082136
0 0.626283 0.015400 0.088296 0.030800
0 0.529774 0.084189 0.108830 0.094456
0 0.439425 0.194045 0.108830 0.096509
0 0.403491 0.231006 0.098563 0.080082
0 0.349076 0.323409 0.055441 0.067762
0 0.313142 0.371663 0.090349 0.090349
0 0.243326 0.427105 0.086242 0.069815
0 0.222793 0.481520 0.082136 0.084189
0 0.164271 0.558522 0.080082 0.090349
0 0.117043 0.605749 0.067762 0.078029
0 0.080082 0.649897 0.088296 0.075975
0 0.045175 0.701232 0.080082 0.071869
0 0.018994 0.757700 0.037988 0.078029
0 0.034394 0.968172 0.068788 0.063655
0 0.066735 0.919918 0.078029 0.094456
0 0.109856 0.859343 0.078029 0.088296
0 0.158111 0.799795 0.071869 0.075975
0 0.182752 0.754620 0.075975 0.075975
0 0.215606 0.718686 0.117043 0.086242
0 0.247433 0.637577 0.073922 0.063655
0 0.310062 0.647844 0.075975 0.092402
0 0.337782 0.573922 0.094456 0.067762
0 0.364476 0.523614 0.094456 0.078029
0 0.431211 0.483573 0.075975 0.108830
0 0.500000 0.413758 0.086242 0.075975
0 0.522587 0.352156 0.082136 0.067762
0 0.550308 0.312115 0.088296 0.069815
0 0.645791 0.198152 0.098563 0.092402
0 0.678645 0.129363 0.082136 0.094456
0 0.757700 0.085216 0.096509 0.096509
0 0.762834 0.034908 0.090349 0.065708
0 0.824435 0.029774 0.073922 0.059548
0 0.962526 0.027721 0.074948 0.055441
0 0.940452 0.068789 0.096509 0.067762
0 0.927105 0.133470 0.090349 0.082136
0 0.859343 0.184805 0.102669 0.086242
0 0.816222 0.233060 0.102669 0.075975
0 0.731006 0.341889 0.071869 0.080082
0 0.796715 0.296715 0.059548 0.055441
0 0.686858 0.390144 0.082136 0.073922
0 0.658111 0.422998 0.114990 0.082136
0 0.630390 0.480493 0.071869 0.065708
0 0.590349 0.505133 0.098563 0.069815
0 0.561602 0.565708 0.143737 0.125257
0 0.506160 0.630390 0.078029 0.082136
0 0.463039 0.668378 0.086242 0.080082
0 0.430185 0.720739 0.102669 0.082136
0 0.374743 0.762834 0.102669 0.063655
0 0.379877 0.816222 0.080082 0.075975
0 0.327515 0.838809 0.102669 0.100616
0 0.259754 0.918891 0.131417 0.080082
0 0.226899 0.968172 0.106776 0.063655
0 0.408624 0.974333 0.104723 0.051334
0 0.451745 0.943532 0.088296 0.088296
0 0.500000 0.893224 0.082136 0.065708
0 0.534908 0.850103 0.106776 0.065708
0 0.594456 0.778234 0.082136 0.094456
0 0.640657 0.715606 0.108830 0.092402
0 0.708419 0.637577 0.092402 0.100616
0 0.793634 0.527721 0.135524 0.131417
0 0.885010 0.417864 0.108830 0.092402
0 0.919918 0.329569 0.100616 0.100616
0 0.971766 0.281314 0.056468 0.086242
0 0.942505 0.520534 0.067762 0.063655
0 0.932238 0.590349 0.112936 0.100616
0 0.909651 0.640657 0.080082 0.073922
0 0.861396 0.701232 0.127310 0.092402
0 0.801848 0.770021 0.151951 0.127310
0 0.754620 0.864476 0.119097 0.102669
0 0.695072 0.909651 0.094456 0.102669
0 0.649897 0.960986 0.098563 0.078028
0 0.827515 0.971253 0.067762 0.057494
0 0.895277 0.895277 0.075975 0.078029
0 0.967146 0.816222 0.059548 0.080082