0 0.062628 0.862423 0.123203 0.127310
0 0.127310 0.951745 0.133470 0.096509
0 0.338809 0.789528 0.121150 0.117043
0 0.196099 0.541068 0.135524 0.158111
0 0.063655 0.537988 0.063655 0.114990
0 0.225873 0.573922 0.104723 0.129363
0 0.400411 0.665298 0.145791 0.082136
0 0.644764 0.674538 0.100616 0.108830
0 0.684805 0.710472 0.086242 0.082136
0 0.775154 0.630390 0.110883 0.082136
0 0.850103 0.745380 0.121150 0.123203
0 0.914784 0.531828 0.139630 0.069815
0 0.958419 0.635524 0.083162 0.075975
0 0.919405 0.907598 0.161190 0.090349
0 0.809035 0.898357 0.104723 0.100616
0 0.808008 0.954825 0.131417 0.090349
0 0.767967 0.396304 0.129363 0.073922
0 0.668378 0.494867 0.106776 0.135524
0 0.556468 0.564682 0.092402 0.106776
0 0.472279 0.367556 0.149897 0.123203
0 0.429158 0.290554 0.080082 0.100616
0 0.207392 0.216632 0.088296 0.112936
0 0.337782 0.146817 0.119097 0.149897
0 0.275154 0.018480 0.154004 0.036960
0 0.118070 0.027721 0.172485 0.055441
0 0.130390 0.146817 0.073922 0.112936
0 0.025154 0.139630 0.050308 0.106776
0 0.070842 0.290554 0.102669 0.125257
0 0.189938 0.378850 0.110883 0.112936
0 0.251540 0.317248 0.106776 0.092402
0 0.544148 0.110883 0.051335 0.176591
0 0.587269 0.049281 0.080082 0.098562
0 0.817248 0.113963 0.129363 0.100616
0 0.955339 0.138604 0.089322 0.088296
0 0.657084 0.188912 0.096509 0.131417
0 0.345917 0.514137 0.099510 0.112147
0 0.949771 0.447007 0.100458 0.069499