0 0.053901 0.237166 0.107802 0.145791
0 0.099589 0.351129 0.143737 0.135524
0 0.038501 0.490760 0.077002 0.168378
0 0.146817 0.731006 0.106776 0.110883
0 0.021047 0.806982 0.042094 0.098563
0 0.211499 0.802875 0.145791 0.098563
0 0.253593 0.906571 0.151951 0.129363
0 0.377823 0.876797 0.129363 0.114990
0 0.440452 0.947639 0.090349 0.104722
0 0.256674 0.673511 0.088296 0.057495
0 0.309035 0.737166 0.090349 0.102669
0 0.470226 0.679671 0.080082 0.106776
0 0.368583 0.511294 0.102669 0.114990
0 0.261807 0.383984 0.098563 0.143737
0 0.262834 0.271047 0.104723 0.123203
0 0.117043 0.082136 0.145791 0.114990
0 0.187885 0.128337 0.106776 0.129363
0 0.344969 0.165298 0.133470 0.154004
0 0.475359 0.403491 0.106776 0.084189
0 0.495893 0.459959 0.073922 0.098563
0 0.556468 0.516427 0.129363 0.154004
0 0.589322 0.673511 0.145791 0.110883
0 0.641684 0.752567 0.114990 0.117043
0 0.555441 0.870637 0.102669 0.110883
0 0.746407 0.876797 0.020534 0.102669
0 0.878850 0.810062 0.125257 0.104723
0 0.975873 0.760780 0.048254 0.108830
0 0.937372 0.956879 0.090349 0.086242
0 0.857290 0.515400 0.114990 0.069815
0 0.771047 0.356263 0.106776 0.080082
0 0.737166 0.205339 0.117043 0.119097
0 0.655031 0.180698 0.121150 0.098563
0 0.475359 0.162218 0.094456 0.143737
0 0.641684 0.387064 0.102669 0.133470
0 0.898357 0.251540 0.082136 0.100616
0 0.949692 0.337782 0.086242 0.100616
0 0.847023 0.144764 0.090349 0.149897
0 0.947639 0.059548 0.102669 0.110883
0 0.897962 0.572579 0.104249 0.083715