0 0.045411 0.909809 0.090822 0.151635
0 0.285895 0.675249 0.093192 0.077397
0 0.378297 0.811878 0.107408 0.132680
0 0.556784 0.848997 0.097931 0.090033
0 0.496762 0.969120 0.123203 0.061760
0 0.582057 0.671300 0.075817 0.085295
0 0.651556 0.746328 0.123203 0.090033
0 0.712368 0.825304 0.115306 0.108988
0 0.887695 0.864792 0.118465 0.099510
0 0.968725 0.501501 0.062549 0.112147
0 0.898752 0.522034 0.090033 0.102669
0 0.845838 0.476228 0.104249 0.093192
0 0.816617 0.414626 0.115306 0.108988
0 0.773180 0.349076 0.120044 0.097931
0 0.727373 0.281946 0.116885 0.112147
0 0.648397 0.152425 0.120044 0.093192
0 0.824514 0.085295 0.124783 0.142158
0 0.846628 0.147686 0.086874 0.131101
0 0.891644 0.260622 0.113726 0.148476
0 0.959248 0.057653 0.081504 0.115306
0 0.296952 0.127942 0.090033 0.101090
0 0.349866 0.176118 0.097931 0.108988
0 0.355394 0.129521 0.064761 0.107408
0 0.269310 0.034750 0.078976 0.069499
0 0.466751 0.041858 0.082136 0.083715
0 0.540199 0.210867 0.061602 0.099510
0 0.585216 0.296952 0.085295 0.104249
0 0.690254 0.429632 0.105828 0.126362
0 0.727373 0.575738 0.101090 0.105828
0 0.537830 0.515716 0.107408 0.099510
0 0.495182 0.377508 0.145317 0.078976
0 0.375138 0.282736 0.082136 0.050545
0 0.304059 0.351445 0.069499 0.086874
0 0.353815 0.393303 0.090033 0.088454
0 0.377508 0.492023 0.074238 0.099510
0 0.157953 0.445427 0.124783 0.116885
0 0.203759 0.507819 0.099510 0.093192
0 0.187174 0.170589 0.082136 0.091613
0 0.021719 0.151635 0.043437 0.107408