0 0.054099 0.217185 0.108198 0.099510
0 0.054494 0.284315 0.082136 0.072658
0 0.090823 0.067130 0.104249 0.090033
0 0.121624 0.015795 0.096351 0.031590
0 0.183225 0.127152 0.115306 0.099510
0 0.191123 0.202180 0.080556 0.101090
0 0.262202 0.247986 0.096351 0.116885
0 0.306429 0.343548 0.146896 0.127942
0 0.352235 0.428052 0.134260 0.097931
0 0.394882 0.529932 0.127942 0.118465
0 0.432791 0.648397 0.124783 0.099510
0 0.499131 0.775549 0.131101 0.110567
0 0.567051 0.793713 0.118465 0.064761
0 0.578897 0.903491 0.126362 0.088454
0 0.356974 0.839520 0.090033 0.055284
0 0.418575 0.922445 0.080556 0.066340
0 0.464382 0.966751 0.090033 0.066498
0 0.251935 0.555205 0.129521 0.127942
0 0.258253 0.648397 0.063181 0.115306
0 0.275628 0.709209 0.085295 0.066340
0 0.120044 0.684726 0.083715 0.134260
0 0.120044 0.959643 0.112147 0.080714
0 0.105039 0.350656 0.113726 0.097931
0 0.403570 0.224293 0.072658 0.120044
0 0.432001 0.055284 0.132680 0.110567
0 0.472279 0.154004 0.105828 0.080556
0 0.544938 0.232981 0.099510 0.099510
0 0.494393 0.394882 0.112147 0.126362
0 0.648397 0.361712 0.120044 0.091613
0 0.741589 0.443848 0.088454 0.094772
0 0.622335 0.438319 0.105828 0.102669
0 0.680777 0.489654 0.127942 0.116885
0 0.736061 0.581267 0.112147 0.129521
0 0.783447 0.658664 0.080556 0.123203
0 0.833202 0.745538 0.120044 0.138999
0 0.924498 0.608909 0.151003 0.124783
0 0.680777 0.157953 0.083715 0.148476
0 0.764492 0.040278 0.118465 0.080556
0 0.787395 0.097931 0.126362 0.091613
0 0.844258 0.149266 0.107408 0.074238
0 0.872690 0.214816 0.085295 0.091613
0 0.923235 0.341968 0.116885 0.096351
0 0.976623 0.503080 0.046754 0.115306
0 0.927184 0.052124 0.080556 0.104248