0 0.133470 0.742300 0.104723 0.104723
0 0.235113 0.682752 0.102669 0.084189
0 0.222793 0.874743 0.160164 0.139630
0 0.101643 0.973306 0.188912 0.053388
0 0.422998 0.929158 0.088296 0.125257
0 0.505133 0.751540 0.137577 0.135524
0 0.420945 0.662218 0.145791 0.129363
0 0.318275 0.420945 0.088296 0.090349
0 0.104723 0.352156 0.141684 0.088296
0 0.148871 0.414784 0.114990 0.106776
0 0.363450 0.478439 0.080082 0.053388
0 0.457906 0.396304 0.129363 0.119097
0 0.223819 0.283368 0.092402 0.114990
0 0.165298 0.093429 0.110883 0.059548
0 0.107803 0.083162 0.094456 0.075975
0 0.439425 0.039014 0.141684 0.078028
0 0.498973 0.133470 0.133470 0.078029
0 0.554415 0.224846 0.117043 0.125257
0 0.608830 0.323409 0.119097 0.075975
0 0.652977 0.386037 0.121150 0.073922
0 0.683778 0.468172 0.137577 0.102669
0 0.725873 0.556468 0.127310 0.135524
0 0.809035 0.716632 0.104723 0.123203
0 0.745380 0.758727 0.145791 0.071869
0 0.784394 0.955852 0.108830 0.088296
0 0.823409 0.418891 0.096509 0.119097
0 0.729979 0.199179 0.078029 0.069815
0 0.617043 0.088296 0.127310 0.102669
0 0.815195 0.075975 0.067762 0.078029
0 0.898357 0.244353 0.110883 0.098563
0 0.952259 0.391170 0.095482 0.100616
0 0.917351 0.649897 0.165298 0.178645