0 0.058522 0.865503 0.082136 0.117043
0 0.136550 0.710472 0.135524 0.114990
0 0.184805 0.809035 0.096509 0.082136
0 0.239220 0.881930 0.106776 0.108830
0 0.341889 0.829569 0.065708 0.110883
0 0.458932 0.965092 0.098563 0.069815
0 0.584189 0.880903 0.193018 0.135524
0 0.802875 0.959959 0.125257 0.080082
0 0.873717 0.837782 0.086242 0.119097
0 0.965092 0.754620 0.067762 0.096509
0 0.912731 0.600616 0.061602 0.088296
0 0.954312 0.654004 0.091376 0.084189
0 0.825462 0.500474 0.080082 0.142631
0 0.793634 0.415811 0.086242 0.080082
0 0.786448 0.367556 0.117043 0.078029
0 0.722793 0.221766 0.166324 0.098563
0 0.671458 0.167351 0.112936 0.117043
0 0.613963 0.049281 0.133470 0.065708
0 0.728953 0.035934 0.067762 0.071868
0 0.778234 0.087269 0.100616 0.080082
0 0.875770 0.239220 0.094456 0.104723
0 0.901437 0.298768 0.092402 0.125257
0 0.945072 0.388090 0.109856 0.110883
0 0.963552 0.101643 0.072895 0.117043
0 0.449692 0.058522 0.117043 0.117043
0 0.550308 0.165298 0.125257 0.133470
0 0.553388 0.261807 0.106776 0.112936
0 0.619097 0.394251 0.106776 0.094456
0 0.670431 0.465092 0.102669 0.125257
0 0.719713 0.531828 0.143737 0.057495
0 0.737166 0.633470 0.125257 0.075975
0 0.579055 0.678645 0.067762 0.067762
0 0.537988 0.522587 0.092402 0.084189
0 0.487680 0.473306 0.098563 0.108830
0 0.448665 0.366530 0.143737 0.092402
0 0.362423 0.254620 0.098563 0.110883
0 0.339836 0.161191 0.098563 0.088296
0 0.275154 0.077002 0.104723 0.100616
0 0.104723 0.047228 0.121150 0.094456
0 0.205339 0.034908 0.100616 0.069815
0 0.015914 0.194045 0.031828 0.125257
0 0.073922 0.312115 0.092402 0.127310
0 0.136550 0.419918 0.086242 0.137577
0 0.275154 0.395277 0.125257 0.108830
0 0.186858 0.282341 0.133470 0.108830
0 0.364871 0.507029 0.115306 0.113726
0 0.277997 0.453325 0.090033 0.091613
0 0.400411 0.635761 0.104249 0.105828
0 0.454904 0.680777 0.124783 0.097931
0 0.229822 0.569420 0.110567 0.077397
0 0.186384 0.508608 0.083715 0.091613
0 0.062391 0.592323 0.116885 0.176907
0 0.952456 0.963592 0.090033 0.072816
0 0.472279 0.781867 0.115306 0.066340
0 0.982941 0.480177 0.034118 0.085295
0 0.811878 0.164271 0.115306 0.101090