0 0.067762 0.917864 0.133470 0.098563
0 0.219713 0.849076 0.121150 0.104723
0 0.278234 0.927105 0.110883 0.145790
0 0.369610 0.801848 0.092402 0.096509
0 0.410678 0.865503 0.096509 0.129363
0 0.644764 0.671458 0.133470 0.205339
0 0.697125 0.561602 0.094456 0.104723
0 0.898357 0.527721 0.114990 0.114990
0 0.697125 0.772074 0.114990 0.119097
0 0.759754 0.856263 0.117043 0.114990
0 0.901437 0.893224 0.075975 0.086242
0 0.930185 0.953799 0.104723 0.092402
0 0.765914 0.948665 0.117043 0.094456
0 0.286448 0.616016 0.110883 0.082136
0 0.316222 0.664271 0.084189 0.096509
0 0.429158 0.626283 0.100616 0.090349
0 0.480493 0.699179 0.100616 0.141684
0 0.132444 0.636550 0.123203 0.102669
0 0.146817 0.705339 0.086242 0.121150
0 0.025667 0.507029 0.051334 0.094772
0 0.168220 0.367241 0.110567 0.090033
0 0.105039 0.312747 0.078976 0.113726
0 0.033565 0.221134 0.067130 0.094772
0 0.030406 0.169010 0.060812 0.069499
0 0.154794 0.052914 0.105828 0.105828
0 0.195072 0.174538 0.107408 0.118465
0 0.243248 0.277207 0.131101 0.118465
0 0.344337 0.450956 0.102669 0.108988
0 0.240878 0.562312 0.104249 0.120044
0 0.397252 0.514927 0.101090 0.082136
0 0.378297 0.573369 0.097931 0.082136
0 0.524404 0.407519 0.115306 0.113726
0 0.533091 0.463592 0.082136 0.105828
0 0.615227 0.432791 0.088454 0.082136
0 0.683146 0.476228 0.101090 0.080556
0 0.791344 0.356974 0.077397 0.094772
0 0.836361 0.432001 0.091613 0.112147
0 0.765282 0.637340 0.082136 0.093192
0 0.909019 0.251935 0.082136 0.096351
0 0.957195 0.294582 0.083715 0.108988
0 0.938240 0.371979 0.108988 0.083715
0 0.835571 0.116095 0.102669 0.086874
0 0.783447 0.041858 0.086874 0.077397
0 0.661033 0.111357 0.101090 0.080556
0 0.677618 0.169010 0.102669 0.078976
0 0.744748 0.229032 0.085295 0.060022
0 0.525193 0.185595 0.113726 0.102669
0 0.622335 0.279577 0.090033 0.091613
0 0.388564 0.180066 0.153214 0.120044
0 0.450166 0.307218 0.162692 0.080556
0 0.304059 0.076607 0.072658 0.077397
0 0.466751 0.101880 0.094772 0.080556
0 0.435160 0.977018 0.129521 0.045964
0 0.852156 0.811088 0.082136 0.090033
0 0.937451 0.594693 0.069499 0.090033
0 0.977413 0.721055 0.045174 0.074238