0 0.073580 0.754620 0.100958 0.133470
0 0.130048 0.843600 0.090691 0.136893
0 0.184805 0.917180 0.090691 0.078713
0 0.291752 0.915469 0.088980 0.140315
0 0.337953 0.881246 0.088980 0.095825
0 0.266940 0.756331 0.083847 0.119781
0 0.219028 0.675907 0.107803 0.092402
0 0.174538 0.593771 0.104381 0.126626
0 0.296030 0.506502 0.124914 0.109514
0 0.215606 0.409822 0.142026 0.097536
0 0.195072 0.296030 0.080424 0.102669
0 0.150582 0.231006 0.077002 0.095825
0 0.085558 0.079569 0.118070 0.094114
0 0.015828 0.172827 0.031656 0.054757
0 0.307153 0.154004 0.095825 0.088980
0 0.335387 0.190794 0.066735 0.066735
0 0.373888 0.304586 0.051335 0.099247
0 0.426934 0.090691 0.071869 0.112936
0 0.466290 0.159138 0.088980 0.099247
0 0.503936 0.225017 0.106092 0.107803
0 0.555270 0.303730 0.095825 0.114648
0 0.600616 0.456879 0.118070 0.123203
0 0.663073 0.509925 0.068446 0.068446
0 0.558693 0.639117 0.109514 0.083847
0 0.586927 0.719541 0.094114 0.121492
0 0.402122 0.728953 0.142026 0.102669
0 0.454312 0.799110 0.095825 0.119781
0 0.768309 0.798255 0.142026 0.107803
0 0.828200 0.867556 0.162560 0.116359
0 0.965862 0.454312 0.068275 0.107803
0 0.973563 0.603183 0.052874 0.135181
0 0.719541 0.410678 0.078713 0.112936
0 0.689596 0.290041 0.087269 0.063313
0 0.649384 0.186516 0.071869 0.099247
0 0.858145 0.236140 0.109514 0.109514
0 0.911191 0.064168 0.071869 0.094114
0 0.969285 0.228439 0.061430 0.131759
0 0.875257 0.380732 0.085558 0.083847
0 0.585216 0.968857 0.083847 0.062286
0 0.515914 0.962012 0.130048 0.075975
0 0.816222 0.948323 0.077002 0.103354
0 0.029517 0.951745 0.059034 0.096509