0 0.035507 0.218172 0.071013 0.114648
0 0.082136 0.252396 0.118070 0.097536
0 0.241273 0.325975 0.142026 0.100958
0 0.141170 0.376454 0.143737 0.085558
0 0.156571 0.410678 0.119781 0.085558
0 0.227584 0.503080 0.124914 0.133470
0 0.048340 0.549281 0.096680 0.095825
0 0.094969 0.612594 0.133470 0.088980
0 0.129192 0.705852 0.133470 0.070157
0 0.129192 0.749487 0.119781 0.095825
0 0.191650 0.796543 0.128337 0.094114
0 0.266085 0.704141 0.099247 0.135181
0 0.345654 0.801677 0.121492 0.097536
0 0.382444 0.912047 0.112936 0.085558
0 0.444045 0.938912 0.099247 0.122176
0 0.245551 0.968001 0.109514 0.063997
0 0.074435 0.922313 0.119781 0.102669
0 0.396133 0.660507 0.078713 0.088980
0 0.477413 0.708419 0.148871 0.095825
0 0.595483 0.647673 0.107803 0.063313
0 0.859001 0.814511 0.111225 0.078713
0 0.874401 0.859856 0.104381 0.094114
0 0.812799 0.675907 0.100958 0.102669
0 0.828200 0.730664 0.070157 0.095825
0 0.939425 0.684463 0.077002 0.082136
0 0.815366 0.509069 0.092402 0.124914
0 0.739220 0.596338 0.094114 0.121492
0 0.682752 0.503080 0.124914 0.082136
0 0.652806 0.465435 0.088980 0.099247
0 0.674196 0.424367 0.056468 0.099247
0 0.611739 0.388433 0.092402 0.102669
0 0.704141 0.225873 0.088980 0.116359
0 0.538159 0.199350 0.130048 0.090691
0 0.504791 0.118925 0.080424 0.100958
0 0.444045 0.150582 0.095825 0.075291
0 0.665640 0.121492 0.077002 0.051335
0 0.450034 0.264374 0.107803 0.080424
0 0.524470 0.271218 0.095825 0.118070
0 0.273785 0.107803 0.080424 0.116359
0 0.559548 0.027379 0.053046 0.054757
0 0.773443 0.023956 0.094114 0.047912
0 0.823066 0.123203 0.100958 0.126626
0 0.884668 0.212183 0.094114 0.130048
0 0.933436 0.292608 0.112936 0.112936
0 0.942847 0.348220 0.063313 0.090691
0 0.965862 0.438056 0.068275 0.150582
0 0.952259 0.073580 0.061602 0.147159
0 0.649384 0.688741 0.082136 0.077002
0 0.723477 0.726215 0.062971 0.091718
0 0.335387 0.376454 0.053388 0.079398
0 0.464750 0.033539 0.079398 0.056126