0 0.071079 0.082136 0.080556 0.107408
0 0.146896 0.208498 0.080556 0.113726
0 0.202180 0.048965 0.086874 0.097930
0 0.252725 0.123993 0.090033 0.086874
0 0.293792 0.187174 0.124783 0.090033
0 0.223503 0.363292 0.120044 0.164271
0 0.334860 0.389354 0.064761 0.055284
0 0.254304 0.484915 0.083715 0.082136
0 0.110567 0.525983 0.105828 0.050545
0 0.063971 0.454115 0.091613 0.083715
0 0.218765 0.683146 0.091613 0.127942
0 0.322224 0.578108 0.074238 0.075817
0 0.347496 0.635761 0.102669 0.090033
0 0.405939 0.748697 0.115306 0.101090
0 0.544148 0.746328 0.113726 0.134260
0 0.614437 0.816617 0.090033 0.132680
0 0.721845 0.432791 0.077397 0.110567
0 0.619965 0.184805 0.072658 0.082136
0 0.550466 0.050545 0.142158 0.094772
0 0.720265 0.047386 0.115306 0.072658
0 0.878218 0.084505 0.108988 0.099510
0 0.826094 0.912968 0.064761 0.063181