0 0.054889 0.150845 0.109777 0.181646
0 0.108198 0.292213 0.066340 0.088454
0 0.220344 0.229822 0.085295 0.080556
0 0.143737 0.409098 0.071079 0.078976
0 0.025667 0.475438 0.051334 0.101090
0 0.047781 0.577318 0.095562 0.105828
0 0.230611 0.519665 0.090033 0.082136
0 0.289844 0.692624 0.116885 0.121624
0 0.138209 0.743169 0.129521 0.102669
0 0.189544 0.819776 0.131101 0.066340
0 0.229032 0.899542 0.093192 0.042647
0 0.219555 0.924025 0.140578 0.060022
0 0.262202 0.965882 0.140578 0.058443
0 0.037514 0.910599 0.075028 0.118465
0 0.504660 0.758174 0.116885 0.088454
0 0.548886 0.835571 0.138999 0.123203
0 0.484915 0.861633 0.175328 0.112147
0 0.419365 0.915337 0.116885 0.102669
0 0.773180 0.854525 0.107408 0.110567
0 0.845048 0.805560 0.099510 0.069499
0 0.841099 0.841099 0.072658 0.083715
0 0.764492 0.652346 0.118465 0.097931
0 0.735271 0.592323 0.078976 0.113726
0 0.812668 0.477808 0.097931 0.118465
0 0.788975 0.376718 0.129521 0.080556
0 0.753435 0.295372 0.086874 0.101090
0 0.559153 0.230611 0.108988 0.208498
0 0.458853 0.107408 0.091613 0.085295
0 0.405149 0.027642 0.104249 0.055284
0 0.278787 0.058443 0.075817 0.082136
0 0.244037 0.029221 0.097931 0.058442
0 0.368030 0.195072 0.067920 0.080556
0 0.403570 0.256674 0.091613 0.067920
0 0.456484 0.407519 0.127942 0.135840
0 0.606539 0.375138 0.115306 0.108988
0 0.627863 0.719476 0.069499 0.099510
0 0.845048 0.176118 0.131101 0.058443
0 0.873480 0.220344 0.045806 0.083715
0 0.899542 0.282736 0.069499 0.072658
0 0.976623 0.129521 0.046754 0.082136
0 0.752646 0.056073 0.101090 0.112146
0 0.944559 0.040278 0.080556 0.067920
0 0.579687 0.048965 0.090033 0.097930
0 0.654715 0.169010 0.094772 0.075817
0 0.713947 0.218765 0.102669 0.099510
0 0.866372 0.600221 0.085295 0.050545
0 0.908229 0.653135 0.093192 0.108988