0 0.081109 0.080082 0.110883 0.098563
0 0.136550 0.174538 0.114990 0.078029
0 0.164271 0.262834 0.096509 0.123203
0 0.200205 0.327515 0.147844 0.096509
0 0.267967 0.474333 0.094456 0.086242
0 0.313142 0.574949 0.102669 0.086242
0 0.157084 0.550308 0.151951 0.114990
0 0.054415 0.344969 0.102669 0.082136
0 0.111910 0.782341 0.106776 0.119097
0 0.163244 0.882957 0.090349 0.082136
0 0.199179 0.943532 0.096509 0.096509
0 0.031314 0.967146 0.062628 0.065708
0 0.361396 0.660164 0.112936 0.108830
0 0.398357 0.725873 0.117043 0.125257
0 0.463039 0.802875 0.151951 0.086242
0 0.485626 0.879877 0.094456 0.141684
0 0.686858 0.914784 0.078029 0.112936
0 0.522587 0.561602 0.106776 0.092402
0 0.559548 0.695072 0.078029 0.088296
0 0.438398 0.433265 0.098563 0.110883
0 0.404517 0.350103 0.117043 0.112936
0 0.376797 0.054415 0.127310 0.108830
0 0.446612 0.210472 0.098563 0.125257
0 0.485626 0.246407 0.106776 0.110883
0 0.543121 0.331622 0.078029 0.112936
0 0.601643 0.456879 0.088296 0.108830
0 0.684805 0.572895 0.127310 0.127310
0 0.690965 0.642710 0.090349 0.123203
0 0.735113 0.715606 0.117043 0.117043
0 0.917864 0.408624 0.129363 0.110883
0 0.784394 0.176591 0.149897 0.135524
0 0.733060 0.029774 0.088296 0.059548
0 0.902464 0.081109 0.102669 0.112936
0 0.961617 0.231401 0.076765 0.096351
0 0.781867 0.491234 0.080556 0.094772