0 0.194216 0.326831 0.078713 0.102669
0 0.236140 0.405544 0.097536 0.126626
0 0.408111 0.414956 0.099247 0.138604
0 0.496235 0.228439 0.121492 0.135181
0 0.296030 0.231006 0.094114 0.092402
0 0.127481 0.188227 0.102669 0.078713
0 0.109514 0.112936 0.100958 0.065024
0 0.056468 0.039357 0.097536 0.075291
0 0.518480 0.024812 0.083847 0.042779
0 0.634839 0.146304 0.077002 0.083847
0 0.569815 0.078713 0.121492 0.095825
0 0.701574 0.044490 0.100958 0.088980
0 0.874401 0.073580 0.111225 0.099247
0 0.937714 0.171971 0.094114 0.131759
0 0.971851 0.306297 0.056297 0.095825
0 0.779432 0.184805 0.109514 0.088980
0 0.847878 0.260096 0.088980 0.126626
0 0.844456 0.356776 0.112936 0.063313
0 0.915469 0.456879 0.104381 0.106092
0 0.740075 0.449179 0.102669 0.087269
0 0.779432 0.525325 0.071869 0.106092
0 0.643395 0.511636 0.080424 0.092402
0 0.468001 0.536448 0.068446 0.073580
0 0.294319 0.544148 0.159138 0.075291
0 0.430356 0.775154 0.123203 0.099247
0 0.515058 0.634839 0.087269 0.082136
0 0.245551 0.746064 0.188227 0.085558
0 0.724675 0.666496 0.099247 0.094114
0 0.878679 0.626283 0.116359 0.085558
0 0.938569 0.795688 0.099247 0.099247
0 0.783710 0.827344 0.118070 0.128337
0 0.650240 0.274641 0.083847 0.070157
0 0.236995 0.107803 0.099247 0.075291
0 0.639630 0.849076 0.094456 0.096509
0 0.519507 0.906571 0.145791 0.092402
0 0.349076 0.944559 0.108830 0.110882
0 0.036448 0.688912 0.072895 0.108830
0 0.045688 0.443532 0.091376 0.114990
0 0.097536 0.523614 0.073922 0.098563