0 0.072724 0.070157 0.092402 0.082136
0 0.039784 0.297741 0.079568 0.099247
0 0.159993 0.236140 0.099247 0.078713
0 0.242984 0.095825 0.104381 0.119781
0 0.287474 0.166838 0.100958 0.087269
0 0.349932 0.298597 0.099247 0.104381
0 0.374743 0.361910 0.114648 0.104381
0 0.475702 0.459446 0.094114 0.087269
0 0.508214 0.630561 0.104381 0.094114
0 0.234428 0.384155 0.059890 0.097536
0 0.297741 0.509069 0.070157 0.087269
0 0.124914 0.523614 0.073580 0.088980
0 0.177105 0.577515 0.075291 0.087269
0 0.169405 0.665640 0.080424 0.112936
0 0.053474 0.724675 0.106947 0.114648
0 0.170260 0.926934 0.106092 0.146132
0 0.238706 0.955168 0.116359 0.089664
0 0.597194 0.771732 0.128337 0.119781
0 0.633128 0.853012 0.097536 0.121492
0 0.663929 0.915469 0.083847 0.102669
0 0.701574 0.969713 0.087269 0.060574
0 0.758042 0.779432 0.111225 0.087269
0 0.716975 0.701574 0.090691 0.068446
0 0.692163 0.599760 0.126626 0.104381
0 0.668207 0.522758 0.106092 0.114648
0 0.586071 0.442334 0.092402 0.148871
0 0.817933 0.866701 0.087269 0.090691
0 0.853867 0.916324 0.121492 0.087269
0 0.908624 0.980835 0.121492 0.038330
0 0.954825 0.800821 0.087269 0.109514
0 0.959018 0.541581 0.081964 0.118070
0 0.943617 0.419233 0.112765 0.099247
0 0.902635 0.475702 0.109514 0.095825
0 0.802533 0.450890 0.073580 0.087269
0 0.733231 0.381588 0.075291 0.099247
0 0.694730 0.303730 0.094114 0.070157
0 0.770876 0.060746 0.109514 0.114648
0 0.758042 0.197639 0.094114 0.090691
0 0.820500 0.252396 0.112936 0.104381
0 0.955681 0.096680 0.075291 0.107803
0 0.974418 0.221595 0.051164 0.094114
0 0.363450 0.019165 0.076660 0.038330
0 0.254620 0.008214 0.050650 0.016427