0 0.149726 0.464579 0.109514 0.097536
0 0.213895 0.554415 0.131759 0.147159
0 0.078713 0.642539 0.107803 0.100958
0 0.304586 0.748631 0.189938 0.155715
0 0.317420 0.841889 0.092402 0.119781
0 0.509069 0.832478 0.133470 0.114648
0 0.609172 0.726386 0.090691 0.053046
0 0.658795 0.785421 0.107803 0.106092
0 0.676762 0.858145 0.061602 0.111225
0 0.784565 0.698152 0.068446 0.102669
0 0.713552 0.637406 0.121492 0.118070
0 0.666496 0.516769 0.143737 0.123203
0 0.539014 0.572382 0.080424 0.111225
0 0.586071 0.633984 0.123203 0.107803
0 0.415811 0.360198 0.124914 0.090691
0 0.388433 0.266085 0.142026 0.138604
0 0.294319 0.091547 0.094114 0.128337
0 0.130048 0.103525 0.165982 0.080424
0 0.184805 0.180527 0.111225 0.145448
0 0.034651 0.256674 0.069302 0.116359
0 0.230151 0.368754 0.102669 0.077002
0 0.296886 0.415811 0.102669 0.106092
0 0.325120 0.481691 0.070157 0.104381
0 0.581793 0.325975 0.090691 0.104381
0 0.740075 0.318275 0.095825 0.167693
0 0.917180 0.336242 0.142026 0.083847
0 0.912902 0.457734 0.078713 0.097536
0 0.950548 0.765743 0.095825 0.114648
0 0.661362 0.143737 0.092402 0.123203
0 0.797399 0.052190 0.107803 0.104380
0 0.517625 0.109514 0.126626 0.112936
0 0.472279 0.081280 0.111225 0.104381
0 0.099247 0.043634 0.145448 0.087268
0 0.255818 0.032512 0.071869 0.065024
0 0.497947 0.935147 0.087269 0.118070
0 0.366188 0.953457 0.090691 0.093086
0 0.207050 0.904346 0.104381 0.118070
0 0.179671 0.820500 0.077002 0.121492