0 0.125573 0.176907 0.135840 0.123203
0 0.189544 0.288264 0.105828 0.169010
0 0.063971 0.290633 0.088454 0.101090
0 0.102669 0.415416 0.064761 0.088454
0 0.053704 0.611278 0.080556 0.113726
0 0.154004 0.507029 0.113726 0.132680
0 0.379087 0.206129 0.061602 0.140578
0 0.339599 0.241668 0.102669 0.110567
0 0.444637 0.167430 0.094772 0.091613
0 0.446217 0.235350 0.091613 0.110567
0 0.528353 0.245617 0.094772 0.099510
0 0.550466 0.313537 0.110567 0.071079
0 0.410678 0.349866 0.108988 0.052124
0 0.423314 0.406729 0.115306 0.108988
0 0.405939 0.465171 0.131101 0.105828
0 0.493603 0.512557 0.075817 0.096351
0 0.544938 0.638130 0.083715 0.145317
0 0.404360 0.041858 0.146896 0.083715
0 0.208498 0.078187 0.071079 0.058443
0 0.257463 0.157163 0.077397 0.064761
0 0.614437 0.052914 0.137419 0.105828
0 0.726583 0.044227 0.083715 0.078976
0 0.928763 0.111357 0.090033 0.093192
0 0.954825 0.152425 0.075817 0.099510
0 0.972674 0.191123 0.054652 0.129521
0 0.804770 0.168220 0.120044 0.108988
0 0.724214 0.279577 0.069499 0.094772
0 0.729743 0.367241 0.121624 0.102669
0 0.920076 0.404360 0.085295 0.097931
0 0.800821 0.428842 0.108988 0.086874
0 0.676828 0.547307 0.123203 0.137419
0 0.836361 0.561523 0.078976 0.108988
0 0.915337 0.510188 0.075817 0.069499
0 0.972674 0.627863 0.054652 0.118465
0 0.883747 0.661033 0.072658 0.083715
0 0.731322 0.724214 0.048965 0.090033
0 0.679987 0.694993 0.050545 0.044227
0 0.653135 0.796083 0.148476 0.116885
0 0.609698 0.734481 0.099510 0.157953
0 0.439899 0.702101 0.101090 0.140578
0 0.370400 0.882167 0.126362 0.064761
0 0.328542 0.814247 0.074238 0.099510
0 0.536250 0.956405 0.104249 0.086874
0 0.655505 0.924025 0.064761 0.075817
0 0.715527 0.954036 0.099510 0.078976
0 0.837151 0.878218 0.093192 0.085295
0 0.945348 0.747117 0.037909 0.050545
0 0.940610 0.845048 0.060022 0.078976
0 0.099510 0.754225 0.115306 0.105828
0 0.173748 0.800032 0.074238 0.090033
0 0.061602 0.916127 0.086874 0.078976
0 0.498973 0.169747 0.062971 0.073922