0 0.052268 0.131604 0.080269 0.121337
0 0.197872 0.089602 0.102669 0.085869
0 0.054135 0.446145 0.091469 0.145604
0 0.308008 0.579615 0.087736 0.117603
0 0.237073 0.574949 0.091469 0.112003
0 0.056001 0.679485 0.091469 0.134404
0 0.581482 0.782154 0.119470 0.104536
0 0.364010 0.696285 0.113870 0.085869
0 0.592682 0.501213 0.112003 0.125070
0 0.689752 0.369610 0.112003 0.085869
0 0.748553 0.170805 0.128803 0.110136
0 0.677618 0.045735 0.117603 0.057868
0 0.903491 0.112936 0.087736 0.095203
0 0.534814 0.074669 0.093336 0.089602
0 0.802688 0.588949 0.098936 0.095203
0 0.753220 0.749487 0.070935 0.117603
0 0.912824 0.727086 0.098936 0.072802
0 0.820422 0.892290 0.115736 0.093336
0 0.364943 0.964812 0.063468 0.070375
0 0.065335 0.966679 0.087736 0.066642