0 0.283368 0.226899 0.100616 0.071869
0 0.328542 0.325462 0.088296 0.063655
0 0.234086 0.354209 0.092402 0.088296
0 0.151951 0.566735 0.104723 0.143737
0 0.567762 0.413758 0.082136 0.100616
0 0.700205 0.649897 0.084189 0.112936
0 0.622177 0.529774 0.117043 0.073922
0 0.380903 0.407598 0.082136 0.092402
0 0.843943 0.342916 0.080082 0.098563
0 0.908624 0.408624 0.123203 0.151951
0 0.953799 0.241273 0.069815 0.088296
0 0.567762 0.150924 0.106776 0.141684
0 0.929158 0.704312 0.119097 0.102669
0 0.773101 0.754620 0.127310 0.137577
0 0.925051 0.786448 0.090349 0.119097
0 0.610883 0.820329 0.106776 0.096509
0 0.664271 0.918891 0.073922 0.063655
0 0.415811 0.490760 0.065708 0.082136
0 0.670431 0.304928 0.110883 0.092402
0 0.740246 0.212526 0.078029 0.117043
0 0.964579 0.043121 0.070842 0.057495
0 0.434634 0.046201 0.077002 0.092402