0 0.073580 0.052190 0.090691 0.059890
0 0.154860 0.153149 0.112936 0.138604
0 0.265229 0.251540 0.080424 0.119781
0 0.207050 0.347365 0.097536 0.102669
0 0.265229 0.445756 0.121492 0.176249
0 0.441478 0.539014 0.063313 0.095825
0 0.497091 0.592916 0.082136 0.142026
0 0.565537 0.683607 0.088980 0.111225
0 0.627139 0.480835 0.088980 0.085558
0 0.797399 0.774298 0.104381 0.124914
0 0.840178 0.870979 0.104381 0.116359
0 0.730664 0.118925 0.104381 0.087269
0 0.681040 0.029090 0.138604 0.058179
0 0.914613 0.137748 0.095825 0.114648
0 0.784565 0.198494 0.119781 0.102669
0 0.859001 0.351643 0.083847 0.077002
0 0.925736 0.485969 0.114648 0.095825
0 0.391855 0.088980 0.077002 0.095825
0 0.414956 0.137748 0.085558 0.070157
0 0.432923 0.846167 0.124914 0.097536
0 0.496235 0.903491 0.059890 0.071869
0 0.082136 0.707563 0.107803 0.066735
0 0.171116 0.645106 0.104381 0.071869