0 0.044918 0.034223 0.089836 0.068446
0 0.092402 0.153149 0.131759 0.100958
0 0.186516 0.047057 0.073580 0.094114
0 0.358487 0.075291 0.119781 0.106092
0 0.547570 0.063313 0.118070 0.119781
0 0.434634 0.210472 0.083847 0.116359
0 0.579227 0.183949 0.102669 0.087269
0 0.718686 0.094969 0.097536 0.097536
0 0.770876 0.177105 0.099247 0.073580
0 0.853012 0.268652 0.075291 0.102669
0 0.941992 0.472279 0.095825 0.119781
0 0.519336 0.325120 0.095825 0.123203
0 0.679329 0.331109 0.053046 0.077002
0 0.759754 0.523614 0.090691 0.102669
0 0.652806 0.595483 0.071869 0.099247
0 0.751198 0.758898 0.080424 0.124914
0 0.897502 0.758898 0.133470 0.080424
0 0.809377 0.819644 0.090691 0.099247
0 0.671629 0.905202 0.106092 0.092402
0 0.467146 0.879535 0.077002 0.119781
0 0.580938 0.754620 0.082136 0.112936
0 0.511636 0.566393 0.114648 0.078713
0 0.592916 0.575804 0.088980 0.090691
0 0.512491 0.650240 0.068446 0.061602
0 0.368754 0.751198 0.130048 0.085558
0 0.349076 0.616016 0.124914 0.119781
0 0.268652 0.580082 0.077002 0.095825
0 0.234428 0.435489 0.121492 0.111225
0 0.222450 0.376454 0.100958 0.102669
0 0.083847 0.487680 0.087269 0.088980
0 0.128337 0.568104 0.077002 0.109514
0 0.180527 0.676762 0.092402 0.077002
0 0.201061 0.736653 0.095825 0.121492
0 0.334531 0.941478 0.109514 0.117043
0 0.152293 0.884668 0.077002 0.071869