0 0.173511 0.611910 0.114990 0.114990
0 0.034394 0.650924 0.068788 0.110883
0 0.061602 0.772074 0.063655 0.102669
0 0.141684 0.894251 0.088296 0.112936
0 0.214579 0.960986 0.086242 0.078028
0 0.324435 0.862423 0.100616 0.069815
0 0.480493 0.632444 0.117043 0.114990
0 0.662218 0.680698 0.131417 0.154004
0 0.548255 0.409651 0.080082 0.067762
0 0.344969 0.336756 0.133470 0.098563
0 0.239220 0.117043 0.151951 0.119097
0 0.069815 0.116016 0.084189 0.121150
0 0.768994 0.199179 0.123203 0.119097
0 0.899384 0.072895 0.075975 0.121150
0 0.931211 0.171458 0.106776 0.158111
0 0.862423 0.476386 0.063655 0.110883
0 0.914784 0.507187 0.102669 0.053388
0 0.964066 0.605749 0.065708 0.135524
0 0.824435 0.647844 0.094456 0.088296