0 0.047228 0.966119 0.071869 0.067762
0 0.225873 0.943532 0.125257 0.112936
0 0.064682 0.747433 0.094456 0.082136
0 0.113963 0.821355 0.078029 0.082136
0 0.166324 0.647844 0.100616 0.108830
0 0.284394 0.774127 0.094456 0.098563
0 0.535934 0.878850 0.100616 0.078029
0 0.400411 0.926078 0.092402 0.082136
0 0.394251 0.983573 0.129363 0.032854
0 0.727926 0.845996 0.094456 0.114990
0 0.944045 0.899384 0.111910 0.135524
0 0.803901 0.950719 0.090349 0.098562
0 0.797741 0.496920 0.139630 0.082136
0 0.714579 0.385010 0.084189 0.084189
0 0.818275 0.294661 0.065708 0.096509
0 0.906571 0.345996 0.053388 0.067762
0 0.931211 0.441478 0.053388 0.086242
0 0.531828 0.393224 0.088296 0.104723
0 0.433265 0.276181 0.104723 0.121150
0 0.314168 0.167351 0.063655 0.166324
0 0.239220 0.107803 0.094456 0.125257
0 0.401437 0.027721 0.086242 0.055441
0 0.663244 0.108830 0.104723 0.082136
0 0.919918 0.184805 0.055441 0.106776
0 0.964579 0.248460 0.070842 0.073922
0 0.971766 0.072895 0.056468 0.092402
0 0.314168 0.577002 0.092402 0.065708
0 0.364476 0.624230 0.110883 0.090349
0 0.518480 0.569815 0.073922 0.141684
0 0.647844 0.539014 0.098563 0.125257
0 0.794661 0.715606 0.137577 0.092402
0 0.971253 0.707392 0.047228 0.096509