0 0.200205 0.320329 0.069815 0.090349
0 0.044661 0.150924 0.089322 0.088296
0 0.170431 0.095483 0.080082 0.100616
0 0.581109 0.143737 0.141684 0.127310
0 0.040554 0.327515 0.081108 0.071869
0 0.110883 0.469199 0.154004 0.075975
0 0.100616 0.675565 0.088296 0.090349
0 0.166324 0.748460 0.108830 0.084189
0 0.062115 0.873717 0.124230 0.100616
0 0.270021 0.860370 0.082136 0.065708
0 0.324435 0.910678 0.137577 0.092402
0 0.394251 0.780287 0.084189 0.094456
0 0.281314 0.682752 0.112936 0.080082
0 0.228953 0.603696 0.098563 0.078029
0 0.270021 0.426078 0.078029 0.100616
0 0.445585 0.630390 0.100616 0.110883
0 0.544148 0.741273 0.182752 0.172485
0 0.775154 0.939425 0.156057 0.121150
0 0.588296 0.942505 0.098563 0.114990
0 0.801848 0.798768 0.151951 0.151951
0 0.965606 0.800821 0.068788 0.082136
0 0.943018 0.962012 0.113963 0.075975
0 0.631417 0.616016 0.143737 0.164271
0 0.616016 0.398357 0.096509 0.098563
0 0.685832 0.440452 0.133470 0.100616
0 0.787474 0.320329 0.114990 0.106776
0 0.895277 0.240246 0.104723 0.082136
0 0.946099 0.341889 0.107802 0.178645
0 0.858316 0.455852 0.121150 0.098563
0 0.914784 0.534908 0.090349 0.100616
0 0.794661 0.150924 0.084189 0.067762
0 0.816222 0.033881 0.119097 0.067762
0 0.484600 0.267967 0.129363 0.104723
0 0.042608 0.571869 0.085216 0.080082
0 0.330595 0.108830 0.117043 0.090349
0 0.275154 0.050308 0.088296 0.092402
0 0.460986 0.025667 0.139630 0.051334
0 0.682018 0.215606 0.115870 0.079202
0 0.717952 0.345409 0.079202 0.104136
0 0.341742 0.519214 0.115870 0.108536
0 0.964579 0.143737 0.070842 0.117336
0 0.025667 0.762913 0.051334 0.091613