0 0.066735 0.967146 0.066735 0.065708
0 0.034651 0.913758 0.069302 0.054757
0 0.058179 0.805099 0.104381 0.087269
0 0.151437 0.876112 0.123203 0.119781
0 0.231006 0.949179 0.131759 0.101642
0 0.349076 0.973990 0.094114 0.052019
0 0.251540 0.773443 0.080424 0.140315
0 0.309719 0.857290 0.087269 0.095825
0 0.436345 0.787132 0.083847 0.085558
0 0.575804 0.716975 0.112936 0.095825
0 0.479124 0.615161 0.107803 0.080424
0 0.167693 0.714408 0.087269 0.111225
0 0.034651 0.504791 0.069302 0.099247
0 0.077002 0.425222 0.090691 0.083847
0 0.161704 0.267796 0.082136 0.100958
0 0.230151 0.314853 0.071869 0.102669
0 0.290041 0.380732 0.078713 0.128337
0 0.500513 0.213895 0.116359 0.099247
0 0.410678 0.045346 0.070157 0.087269
0 0.216461 0.049624 0.085558 0.095825
0 0.034651 0.094114 0.069302 0.109514
0 0.651095 0.367899 0.102669 0.123203
0 0.834189 0.168549 0.099247 0.124914
0 0.930014 0.071013 0.092402 0.121492
0 0.485113 0.014545 0.078713 0.029090
0 0.570671 0.049624 0.054757 0.075291
0 0.811944 0.321697 0.082136 0.075291
0 0.906913 0.468857 0.087269 0.133470
0 0.961585 0.508214 0.076830 0.109514
0 0.764887 0.474846 0.087269 0.097536
0 0.860712 0.616016 0.080424 0.106092
0 0.765743 0.676762 0.099247 0.097536
0 0.701574 0.711841 0.077002 0.092402
0 0.953884 0.735797 0.092231 0.109514
0 0.876112 0.826489 0.118070 0.106092
0 0.968429 0.961157 0.063142 0.077686
0 0.517625 0.915469 0.075291 0.065024
0 0.559548 0.513347 0.077002 0.109514
0 0.641684 0.598049 0.049624 0.094114