0 0.110370 0.883812 0.126626 0.124914
0 0.073580 0.631417 0.090691 0.095825
0 0.035507 0.514203 0.071013 0.135181
0 0.143737 0.288330 0.107803 0.104381
0 0.207050 0.376454 0.090691 0.088980
0 0.310575 0.416667 0.099247 0.083847
0 0.346509 0.508214 0.099247 0.058179
0 0.430356 0.579227 0.088980 0.073580
0 0.501369 0.626283 0.114648 0.068446
0 0.560404 0.666496 0.088980 0.070157
0 0.645962 0.587782 0.065024 0.063313
0 0.546715 0.484257 0.071869 0.143737
0 0.358487 0.298597 0.075291 0.090691
0 0.298597 0.643395 0.078713 0.106092
0 0.204483 0.569815 0.075291 0.075291
0 0.126626 0.532170 0.059890 0.085558
0 0.210472 0.785421 0.059890 0.109514
0 0.381588 0.780287 0.073580 0.071869
0 0.439767 0.809377 0.083847 0.075291
0 0.335387 0.908624 0.080424 0.106092
0 0.423511 0.954825 0.099247 0.085558
0 0.581793 0.965092 0.063313 0.058179
0 0.714408 0.943703 0.109514 0.090691
0 0.694045 0.451745 0.086242 0.073922
0 0.569473 0.066393 0.078029 0.102669
0 0.752225 0.049281 0.112252 0.098562
0 0.826831 0.160849 0.075291 0.075291
0 0.928131 0.062971 0.113621 0.125941
0 0.896646 0.242300 0.086242 0.057495
0 0.802190 0.353183 0.099932 0.104038
0 0.893224 0.434634 0.057495 0.086242
0 0.965092 0.559206 0.069815 0.072553
0 0.706366 0.238193 0.091718 0.104038
0 0.959617 0.772758 0.080766 0.116359
0 0.945243 0.939767 0.087611 0.105407
0 0.195072 0.104723 0.071184 0.061602
0 0.123888 0.047912 0.057495 0.073922