0 0.026601 0.062535 0.053201 0.069069
0 0.037801 0.013067 0.075602 0.026134
0 0.904424 0.970413 0.115736 0.059174
0 0.957812 0.890424 0.084376 0.100803
0 0.969946 0.593616 0.060108 0.070935
0 0.959679 0.641217 0.080642 0.057868
0 0.919358 0.681352 0.082136 0.041068
0 0.893224 0.730819 0.078402 0.042934
0 0.876423 0.771887 0.089602 0.065335
0 0.833489 0.813888 0.063468 0.052268
0 0.800821 0.850289 0.080269 0.057868
0 0.795221 0.905357 0.076535 0.074669
0 0.724286 0.905357 0.065335 0.067202
0 0.757887 0.949225 0.072802 0.072802
0 0.706552 0.974146 0.074669 0.051708
0 0.979279 0.355609 0.041441 0.061602
0 0.940825 0.383610 0.102669 0.091469
0 0.920291 0.451745 0.084002 0.067202
0 0.881090 0.491880 0.110136 0.076535
0 0.832556 0.538548 0.091469 0.057868
0 0.820422 0.574949 0.067202 0.070935
0 0.740153 0.647751 0.108270 0.141870
0 0.664551 0.735486 0.098936 0.074669
0 0.655217 0.790554 0.095203 0.057868
0 0.560948 0.864290 0.112003 0.089602
0 0.623483 0.829755 0.061602 0.054135
0 0.548815 0.917491 0.072802 0.061602
0 0.489080 0.964812 0.113870 0.070375
0 0.975546 0.094269 0.048908 0.080269
0 0.890424 0.196005 0.072802 0.082136
0 0.882957 0.256674 0.087736 0.087736
0 0.812955 0.262274 0.070935 0.072802
0 0.823222 0.323875 0.121337 0.072802
0 0.774687 0.382677 0.069069 0.074669
0 0.705619 0.462946 0.050401 0.078402
0 0.666418 0.484413 0.087736 0.102669
0 0.632817 0.539481 0.080269 0.063468
0 0.606683 0.586149 0.069069 0.067202
0 0.571215 0.631884 0.065335 0.065335
0 0.496547 0.704685 0.061602 0.069069
0 0.463879 0.747620 0.056001 0.069069
0 0.433078 0.788688 0.084002 0.091469
0 0.391077 0.839089 0.093336 0.091469
0 0.354676 0.895091 0.069069 0.069069
0 0.329475 0.927758 0.093336 0.063468
0 0.294941 0.960426 0.098936 0.057868
0 0.252940 0.976946 0.097069 0.046108
0 0.832556 0.070002 0.076535 0.057868
0 0.700019 0.189472 0.091469 0.080269
0 0.728953 0.145604 0.041068 0.044801
0 0.788688 0.117603 0.067202 0.063468
0 0.641217 0.294008 0.126937 0.110136
0 0.528281 0.407878 0.117603 0.091469
0 0.531081 0.454545 0.093336 0.069069
0 0.481613 0.496547 0.061602 0.056001
0 0.429345 0.539481 0.061602 0.056001
0 0.413478 0.584282 0.078402 0.070935
0 0.357476 0.634684 0.074669 0.074669
0 0.333209 0.672018 0.067202 0.063468
0 0.299608 0.703752 0.070935 0.089602
0 0.266940 0.758820 0.065335 0.065335
0 0.238940 0.796155 0.072802 0.087736
0 0.185738 0.859623 0.067202 0.054135
0 0.149337 0.888557 0.080269 0.082136
0 0.101736 0.921225 0.078402 0.065335
0 0.084936 0.976013 0.085869 0.047974
0 0.050401 0.766287 0.084002 0.069069
0 0.103603 0.704685 0.089602 0.087736
0 0.144671 0.644951 0.078402 0.069069
0 0.161471 0.582416 0.044801 0.070935
0 0.223073 0.561882 0.097069 0.085869
0 0.289341 0.460146 0.117603 0.102669
0 0.316408 0.408811 0.078402 0.078402
0 0.350943 0.377077 0.069069 0.070935
0 0.407878 0.327609 0.074669 0.057868
0 0.453612 0.255740 0.080269 0.070935
0 0.492813 0.224939 0.091469 0.076535
0 0.498413 0.167071 0.076535 0.072802
0 0.546015 0.151204 0.078402 0.078402
0 0.567482 0.104536 0.065335 0.074669
0 0.616950 0.076535 0.082136 0.078402
0 0.388277 0.090536 0.069069 0.069069
0 0.329475 0.160538 0.056001 0.056001
0 0.299608 0.195072 0.052268 0.061602
0 0.243606 0.208139 0.070935 0.061602
0 0.278141 0.255740 0.054135 0.052268
0 0.216539 0.296808 0.069069 0.059735
0 0.217472 0.252940 0.082136 0.054135
0 0.175471 0.335076 0.084002 0.042934
0 0.199739 0.361210 0.061602 0.046668
0 0.128803 0.398544 0.087736 0.091469
0 0.033134 0.834422 0.066268 0.085869
0 0.032201 0.576815 0.064402 0.070935
0 0.063468 0.483480 0.061602 0.059735
0 0.094269 0.449879 0.082136 0.082136
0 0.194139 0.070935 0.057868 0.056001
0 0.135337 0.140004 0.067202 0.074669
0 0.070002 0.198805 0.070935 0.065335
0 0.078402 0.238940 0.072802 0.078402
0 0.029401 0.280007 0.058802 0.074669
0 0.016334 0.338809 0.032668 0.091469