0 0.738193 0.917864 0.102669 0.065708
0 0.743326 0.960986 0.084189 0.057495
0 0.655031 0.983573 0.084189 0.032854
0 0.797741 0.875770 0.057495 0.084189
0 0.852156 0.852156 0.084189 0.110883
0 0.883984 0.779261 0.069815 0.071869
0 0.941478 0.732033 0.082136 0.096509
0 0.966632 0.656057 0.066735 0.071869
0 0.965092 0.446612 0.067762 0.084189
0 0.975873 0.389117 0.048254 0.055441
0 0.931211 0.488706 0.090349 0.073922
0 0.879877 0.540041 0.106776 0.053388
0 0.818275 0.637577 0.090349 0.055441
0 0.771047 0.658111 0.082136 0.092402
0 0.731006 0.708419 0.117043 0.069815
0 0.694045 0.759754 0.067762 0.073922
0 0.676591 0.790554 0.090349 0.061602
0 0.618070 0.826489 0.084189 0.075975
0 0.585216 0.878850 0.071869 0.061602
0 0.548255 0.906571 0.108830 0.071869
0 0.507187 0.959959 0.117043 0.067762
0 0.235113 0.979466 0.082136 0.041068
0 0.324435 0.964066 0.075975 0.055441
0 0.361396 0.915811 0.080082 0.065708
0 0.401437 0.857290 0.086242 0.059548
0 0.432238 0.809035 0.082136 0.073922
0 0.500000 0.726899 0.106776 0.114990
0 0.557495 0.654004 0.082136 0.075975
0 0.602669 0.629363 0.061602 0.055441
0 0.643737 0.545175 0.065708 0.096509
0 0.689938 0.540041 0.084189 0.078029
0 0.742300 0.434292 0.078029 0.080082
0 0.764887 0.386037 0.094456 0.069815
0 0.800821 0.437372 0.059548 0.073922
0 0.834702 0.324435 0.082136 0.098563
0 0.888090 0.287474 0.065708 0.094456
0 0.921971 0.218686 0.071869 0.104723
0 0.965606 0.191992 0.068788 0.092402
0 0.970739 0.098563 0.058522 0.078029
0 0.858316 0.046201 0.071869 0.092402
0 0.815195 0.127310 0.092402 0.090349
0 0.773101 0.173511 0.073922 0.071869
0 0.679671 0.223819 0.071869 0.069815
0 0.741273 0.223819 0.084189 0.090349
0 0.640657 0.301848 0.059548 0.061602
0 0.597536 0.353183 0.104723 0.086242
0 0.579055 0.392197 0.063655 0.061602
0 0.544148 0.410678 0.092402 0.094456
0 0.500000 0.486653 0.086242 0.090349
0 0.444559 0.558522 0.069815 0.069815
0 0.380903 0.574949 0.090349 0.061602
0 0.386037 0.616016 0.104723 0.073922
0 0.355236 0.671458 0.096509 0.069815
0 0.271047 0.755647 0.055441 0.036961
0 0.237166 0.790554 0.065708 0.065708
0 0.178645 0.891170 0.071869 0.069815
0 0.139630 0.915811 0.075975 0.065708
0 0.086242 0.979466 0.092402 0.041068
0 0.082136 0.758727 0.071869 0.067762
0 0.052361 0.805955 0.090349 0.108830
0 0.125257 0.681725 0.059548 0.045175
0 0.164271 0.638604 0.063655 0.049281
0 0.231006 0.592402 0.061602 0.043121
0 0.275154 0.509240 0.088296 0.082136
0 0.328542 0.465092 0.071869 0.063655
0 0.356263 0.421971 0.082136 0.071869
0 0.415811 0.339836 0.090349 0.080082
0 0.513347 0.228953 0.063655 0.063655
0 0.532854 0.161191 0.073922 0.080082
0 0.600616 0.155031 0.073922 0.080082
0 0.627310 0.089322 0.069815 0.055441
0 0.663244 0.047228 0.055441 0.073922
0 0.709446 0.018480 0.049281 0.036960
0 0.504107 0.025667 0.078029 0.051334
0 0.460986 0.046201 0.061602 0.055441
0 0.413758 0.069815 0.082136 0.078029
0 0.405544 0.113963 0.106776 0.067762
0 0.355236 0.164271 0.092402 0.065708
0 0.310062 0.227926 0.100616 0.069815
0 0.250513 0.276181 0.075975 0.071869
0 0.224846 0.337782 0.086242 0.071869
0 0.183778 0.398357 0.078029 0.065708
0 0.106776 0.451745 0.080082 0.073922
0 0.074949 0.506160 0.061602 0.067762
0 0.044148 0.547228 0.086242 0.067762
0 0.038501 0.592402 0.077002 0.075975
0 0.018994 0.340862 0.037988 0.053388
0 0.042094 0.288501 0.061602 0.071869
0 0.057495 0.211499 0.080082 0.106776
0 0.104723 0.249487 0.075975 0.108830
0 0.167351 0.147844 0.094456 0.098563
0 0.191992 0.116016 0.065708 0.084189
0 0.225873 0.069815 0.071869 0.086242
0 0.268994 0.024641 0.084189 0.049281
0 0.079055 0.019507 0.073922 0.039014
0 0.030801 0.056468 0.059548 0.063655
0 0.023101 0.108830 0.046201 0.061602