0 0.059548 0.796715 0.059548 0.045175
0 0.016940 0.742300 0.033880 0.039014
0 0.135524 0.829569 0.059548 0.045175
0 0.166324 0.862423 0.067762 0.086242
0 0.221766 0.875770 0.063655 0.063655
0 0.243326 0.910678 0.094456 0.055441
0 0.298768 0.941478 0.078029 0.096509
0 0.377823 0.977413 0.092402 0.045174
0 0.295688 0.723819 0.043121 0.055441
0 0.253593 0.755647 0.065708 0.049281
0 0.386037 0.790554 0.059548 0.053388
0 0.364476 0.833676 0.073922 0.078029
0 0.427105 0.848049 0.063655 0.069815
0 0.495893 0.886037 0.082136 0.067762
0 0.453799 0.872690 0.047228 0.045175
0 0.543121 0.928131 0.057495 0.053388
0 0.575975 0.953799 0.102669 0.071869
0 0.623203 0.974333 0.053388 0.047228
0 0.856263 0.968172 0.055441 0.063655
0 0.798768 0.892197 0.043121 0.051335
0 0.747433 0.888090 0.039014 0.067762
0 0.703285 0.866530 0.069815 0.065708
0 0.623203 0.766940 0.127310 0.055441
0 0.514374 0.705339 0.045175 0.051335
0 0.543121 0.733060 0.057495 0.065708
0 0.428131 0.641684 0.061602 0.088296
0 0.524641 0.529774 0.041068 0.061602
0 0.571869 0.577002 0.082136 0.065708
0 0.626283 0.604723 0.063655 0.059548
0 0.745380 0.680698 0.075975 0.084189
0 0.793634 0.714579 0.049281 0.069815
0 0.764887 0.695072 0.032854 0.059548
0 0.879877 0.780287 0.032854 0.053388
0 0.808008 0.818275 0.036961 0.043121
0 0.923235 0.970621 0.050545 0.036329
0 0.924025 0.807139 0.042647 0.041068
0 0.948507 0.659453 0.037909 0.039488
0 0.981362 0.674459 0.037276 0.056863
0 0.925604 0.621545 0.067920 0.045806
0 0.811878 0.574159 0.042647 0.042647
0 0.749487 0.468330 0.075817 0.071079
0 0.654715 0.399621 0.050545 0.041068
0 0.736061 0.285895 0.052124 0.069499
0 0.778708 0.251935 0.067920 0.058443
0 0.793713 0.305639 0.069499 0.058443
0 0.909019 0.418575 0.050545 0.041068
0 0.882167 0.216396 0.022113 0.041068
0 0.709209 0.555205 0.026852 0.030011