0 0.906913 0.130048 0.042779 0.047912
0 0.781143 0.026523 0.054757 0.053046
0 0.563826 0.053901 0.054757 0.053046
0 0.611739 0.099247 0.058179 0.051335
0 0.685318 0.148015 0.061602 0.059890
0 0.735797 0.189938 0.073580 0.061602
0 0.782854 0.234428 0.071869 0.065024
0 0.910335 0.323409 0.094114 0.054757
0 0.930014 0.354209 0.058179 0.054757
0 0.914613 0.543292 0.061602 0.059890
0 0.794832 0.454312 0.051335 0.059890
0 0.728953 0.407255 0.063313 0.058179
0 0.669918 0.360198 0.051335 0.059890
0 0.612594 0.308864 0.077002 0.056468
0 0.509069 0.225873 0.061602 0.071869
0 0.399555 0.174538 0.051335 0.044490
0 0.315708 0.087269 0.037645 0.037645
0 0.343943 0.122348 0.039357 0.035934
0 0.255818 0.066735 0.047912 0.054757
0 0.116359 0.142882 0.063313 0.049624
0 0.052190 0.088980 0.037645 0.044490
0 0.037645 0.126626 0.042779 0.037645
0 0.041923 0.289185 0.054757 0.082136
0 0.109514 0.346509 0.049624 0.059890
0 0.064168 0.337098 0.027379 0.037645
0 0.239562 0.427789 0.070157 0.065024
0 0.279774 0.444045 0.061602 0.049624
0 0.368754 0.515058 0.027379 0.071869
0 0.306297 0.471424 0.035934 0.039357
0 0.063007 0.498924 0.066124 0.076758
0 0.094969 0.515058 0.051335 0.065024
0 0.539014 0.478268 0.077002 0.056468
0 0.681040 0.582649 0.035934 0.046201
0 0.770876 0.610027 0.037645 0.046201
0 0.769165 0.644251 0.051335 0.035934
0 0.926591 0.738364 0.041068 0.063313
0 0.853012 0.725530 0.075291 0.061602
0 0.852156 0.686174 0.032512 0.044490
0 0.950548 0.790554 0.051335 0.054757
0 0.982974 0.816222 0.034052 0.092402
0 0.980407 0.881246 0.039185 0.037645
0 0.755476 0.824778 0.044490 0.085558
0 0.732375 0.823066 0.035934 0.037645
0 0.687885 0.772587 0.046201 0.080424
0 0.869268 0.906057 0.042779 0.056468
0 0.895791 0.944559 0.051335 0.051335
0 0.913758 0.977413 0.056468 0.045174
0 0.965007 0.979124 0.069986 0.041752
0 0.532170 0.667351 0.080424 0.051335
0 0.507358 0.686174 0.085558 0.044490
0 0.457734 0.592916 0.058179 0.035934
0 0.405544 0.562971 0.056468 0.054757
0 0.213039 0.611739 0.034223 0.059890
0 0.256674 0.616872 0.042779 0.046201
0 0.249829 0.658795 0.035934 0.054757
0 0.285763 0.665640 0.046201 0.034223
0 0.455412 0.627750 0.044001 0.061602
0 0.374743 0.696685 0.046935 0.046935
0 0.352009 0.702552 0.048401 0.052801
0 0.326342 0.712819 0.046935 0.046935
0 0.445879 0.794955 0.045468 0.038134
0 0.509680 0.811088 0.044001 0.055735
0 0.501613 0.856556 0.063068 0.064535
0 0.547081 0.873423 0.048401 0.036668
0 0.606483 0.932825 0.079202 0.076269
0 0.410678 0.974479 0.060135 0.051041
0 0.455412 0.985480 0.044001 0.029040
0 0.326342 0.913024 0.058668 0.045468
0 0.226606 0.830155 0.076269 0.073335
0 0.180405 0.792754 0.074802 0.057202
0 0.147404 0.765620 0.058668 0.058668
0 0.025301 0.663684 0.050601 0.039601
0 0.087269 0.724553 0.038134 0.035201
0 0.156204 0.980346 0.064535 0.039308
0 0.143737 0.958492 0.060135 0.045468
0 0.103403 0.919625 0.055735 0.070402
0 0.071869 0.959959 0.054268 0.063068
0 0.059402 0.921091 0.061602 0.044001
0 0.030434 0.883690 0.060868 0.083602
0 0.037401 0.937225 0.049868 0.064535