0 0.118925 0.305441 0.058179 0.063313
0 0.370465 0.313997 0.068446 0.066735
0 0.186516 0.344798 0.073580 0.066735
0 0.528747 0.398700 0.032512 0.041068
0 0.541581 0.414956 0.047912 0.039357
0 0.494524 0.418378 0.053046 0.046201
0 0.516769 0.484257 0.056468 0.058179
0 0.502225 0.447467 0.068446 0.035934
0 0.616872 0.485113 0.047912 0.063313
0 0.617728 0.528747 0.063313 0.051335
0 0.684463 0.550137 0.073580 0.053046
0 0.692163 0.580938 0.054757 0.049624
0 0.736653 0.625428 0.044490 0.049624
0 0.566393 0.592060 0.049624 0.034223
0 0.947125 0.752053 0.065024 0.080424
0 0.959959 0.795688 0.046201 0.058179
0 0.978696 0.824778 0.042608 0.065024
0 0.860712 0.855578 0.053046 0.034223
0 0.044490 0.057324 0.070157 0.063313
0 0.105236 0.037645 0.054757 0.047912
0 0.539870 0.657084 0.047912 0.044490
0 0.640828 0.693018 0.058179 0.075291
0 0.728953 0.761465 0.087269 0.065024
0 0.757187 0.804244 0.071869 0.065024
0 0.846167 0.891513 0.061602 0.047912
0 0.877823 0.904346 0.063313 0.053046
0 0.886379 0.953114 0.066735 0.065024
0 0.661362 0.933436 0.082136 0.063313
0 0.604038 0.893224 0.063313 0.041068
0 0.580938 0.865845 0.054757 0.058179
0 0.511636 0.817077 0.046201 0.035934
0 0.466290 0.783710 0.051335 0.041068
0 0.393566 0.698152 0.049624 0.044490
0 0.294319 0.662218 0.039357 0.054757
0 0.325120 0.685318 0.032512 0.049624
0 0.115503 0.497091 0.051335 0.053046
0 0.072724 0.468857 0.058179 0.047912
0 0.053901 0.672485 0.061602 0.058179
0 0.120637 0.714408 0.051335 0.042779
0 0.133470 0.763176 0.063313 0.068446
0 0.200205 0.788843 0.035934 0.044490
0 0.252396 0.823922 0.071869 0.066735
0 0.331109 0.859001 0.037645 0.078713
0 0.296886 0.894935 0.061602 0.061602
0 0.403833 0.924880 0.053046 0.059890
0 0.362765 0.952259 0.094114 0.059890
0 0.438912 0.962012 0.068446 0.075975
0 0.233573 0.983402 0.085558 0.033196
0 0.176249 0.969713 0.056468 0.060574
0 0.107803 0.882957 0.066735 0.061602
0 0.033795 0.855578 0.067590 0.075291