0 0.032341 0.294661 0.064682 0.092402
0 0.063655 0.232033 0.063655 0.057495
0 0.105749 0.190965 0.069815 0.082136
0 0.159138 0.145791 0.069815 0.045175
0 0.189938 0.108830 0.086242 0.049281
0 0.231006 0.063655 0.086242 0.073922
0 0.274127 0.030801 0.082136 0.061602
0 0.025154 0.537988 0.050308 0.061602
0 0.064682 0.495893 0.061602 0.063655
0 0.100616 0.445585 0.071869 0.069815
0 0.154004 0.395277 0.067762 0.071869
0 0.196099 0.351129 0.102669 0.065708
0 0.227926 0.301848 0.088296 0.078029
0 0.287474 0.254620 0.067762 0.082136
0 0.324435 0.183778 0.047228 0.067762
0 0.364476 0.142710 0.061602 0.051335
0 0.040041 0.792608 0.045175 0.049281
0 0.016940 0.819302 0.033880 0.073922
0 0.051335 0.746407 0.047228 0.063655
0 0.105749 0.701232 0.069815 0.059548
0 0.148871 0.654004 0.078029 0.059548
0 0.094456 0.663244 0.067762 0.065708
0 0.207392 0.572895 0.063655 0.041068
0 0.244353 0.532854 0.117043 0.071869
0 0.282341 0.473306 0.045175 0.055441
0 0.319302 0.439425 0.053388 0.049281
0 0.358316 0.395277 0.073922 0.067762
0 0.415811 0.337782 0.057495 0.055441
0 0.445585 0.285421 0.071869 0.069815
0 0.478439 0.254620 0.067762 0.073922
0 0.532854 0.183778 0.061602 0.067762
0 0.567762 0.156057 0.057495 0.065708
0 0.593429 0.109856 0.071869 0.067762
0 0.621150 0.052361 0.069815 0.071869
0 0.666324 0.027721 0.057495 0.055441
0 0.114990 0.915811 0.067762 0.082136
0 0.169405 0.858316 0.053388 0.061602
0 0.202259 0.826489 0.053388 0.080082
0 0.246407 0.772074 0.080082 0.073922
0 0.293634 0.714579 0.067762 0.069815
0 0.319302 0.687885 0.069815 0.069815
0 0.371663 0.602669 0.067762 0.075975
0 0.476386 0.506160 0.075975 0.067762
0 0.506160 0.462012 0.078029 0.061602
0 0.557495 0.429158 0.065708 0.049281
0 0.591376 0.386037 0.080082 0.045175
0 0.642710 0.291581 0.059548 0.065708
0 0.847023 0.050308 0.061602 0.055441
0 0.783368 0.134497 0.061602 0.059548
0 0.978953 0.086242 0.042094 0.061602
0 0.854209 0.315195 0.055441 0.075975
0 0.777207 0.407598 0.057495 0.084189
0 0.715606 0.460986 0.073922 0.055441
0 0.678645 0.520534 0.078029 0.059548
0 0.611910 0.595483 0.063655 0.053388
0 0.562628 0.643737 0.063655 0.051335
0 0.536961 0.698152 0.086242 0.045175
0 0.504107 0.747433 0.073922 0.065708
0 0.409651 0.842916 0.053388 0.051335
0 0.377823 0.877823 0.067762 0.047228
0 0.342916 0.935318 0.092402 0.063655
0 0.475359 0.976386 0.053388 0.047228
0 0.514374 0.928131 0.065708 0.061602
0 0.663244 0.783368 0.067762 0.063655
0 0.729979 0.716632 0.069815 0.053388
0 0.607803 0.827515 0.104723 0.045175
0 0.764887 0.652977 0.078029 0.086242
0 0.812115 0.614990 0.053388 0.055441
0 0.834702 0.577002 0.065708 0.086242
0 0.873717 0.540041 0.073922 0.053388
0 0.910678 0.479466 0.069815 0.063655
0 0.954825 0.434292 0.059548 0.067762
0 0.962526 0.636550 0.074948 0.078029
0 0.906571 0.721766 0.065708 0.080082
0 0.800821 0.844969 0.104723 0.092402
0 0.748460 0.909651 0.119097 0.106776
0 0.688912 0.967146 0.106776 0.065708
0 0.899384 0.963039 0.075975 0.073922
0 0.948665 0.890144 0.084189 0.084189
0 0.983060 0.820329 0.033880 0.067762