0 0.023101 0.069815 0.046201 0.057495
0 0.033368 0.332649 0.066735 0.069815
0 0.093429 0.237166 0.065708 0.080082
0 0.146817 0.176591 0.073922 0.057495
0 0.217659 0.088296 0.071869 0.069815
0 0.169405 0.373717 0.073922 0.082136
0 0.252567 0.275154 0.080082 0.065708
0 0.333676 0.175565 0.045175 0.063655
0 0.391170 0.138604 0.086242 0.059548
0 0.434292 0.066735 0.053388 0.063655
0 0.488706 0.022587 0.080082 0.045174
0 0.158111 0.424025 0.055441 0.071869
0 0.107803 0.472279 0.057495 0.065708
0 0.056468 0.547228 0.073922 0.055441
0 0.081109 0.727926 0.069815 0.071869
0 0.039014 0.790554 0.075975 0.090349
0 0.126283 0.679671 0.061602 0.053388
0 0.185832 0.586242 0.057495 0.084189
0 0.226899 0.601643 0.065708 0.073922
0 0.253593 0.530801 0.049281 0.055441
0 0.268994 0.476386 0.067762 0.078029
0 0.311088 0.444559 0.041068 0.059548
0 0.340862 0.377823 0.059548 0.078029
0 0.404517 0.329569 0.084189 0.080082
0 0.439425 0.279261 0.063655 0.069815
0 0.470226 0.246407 0.071869 0.078029
0 0.509240 0.216632 0.117043 0.108830
0 0.612936 0.109856 0.061602 0.055441
0 0.639630 0.074949 0.061602 0.059548
0 0.677618 0.032854 0.088296 0.065708
0 0.871663 0.037988 0.098563 0.075975
0 0.783368 0.125257 0.086242 0.082136
0 0.735113 0.185832 0.080082 0.088296
0 0.685832 0.220739 0.084189 0.080082
0 0.652977 0.281314 0.108830 0.073922
0 0.608830 0.333676 0.098563 0.051335
0 0.543121 0.437372 0.094456 0.098563
0 0.433265 0.579055 0.071869 0.082136
0 0.373717 0.566735 0.067762 0.073922
0 0.359343 0.652977 0.055441 0.053388
0 0.311088 0.679671 0.061602 0.061602
0 0.302875 0.723819 0.065708 0.055441
0 0.242300 0.746407 0.051335 0.055441
0 0.261807 0.778234 0.057495 0.045175
0 0.195072 0.840862 0.071869 0.063655
0 0.130390 0.937372 0.053388 0.075975
0 0.087269 0.975359 0.053388 0.049281
0 0.267967 0.983573 0.053388 0.032854
0 0.316222 0.921971 0.047228 0.041068
0 0.326489 0.964066 0.055441 0.063655
0 0.402464 0.850103 0.055441 0.045175
0 0.475359 0.773101 0.098563 0.092402
0 0.508214 0.729979 0.069815 0.063655
0 0.539014 0.674538 0.078029 0.067762
0 0.571869 0.636550 0.082136 0.065708
0 0.628337 0.590349 0.080082 0.055441
0 0.644764 0.557495 0.084189 0.071869
0 0.706366 0.496920 0.059548 0.057495
0 0.735113 0.449692 0.071869 0.061602
0 0.777207 0.404517 0.078029 0.069815
0 0.806982 0.358316 0.075975 0.080082
0 0.875770 0.293634 0.061602 0.065708
0 0.902464 0.256674 0.053388 0.069815
0 0.919918 0.189938 0.059548 0.096509
0 0.969713 0.168378 0.060574 0.098563
0 0.497947 0.978439 0.078029 0.043121
0 0.554415 0.920945 0.084189 0.096509
0 0.626283 0.848049 0.071869 0.069815
0 0.645791 0.781314 0.036961 0.067762
0 0.678645 0.752567 0.078029 0.075975
0 0.704312 0.690965 0.067762 0.047228
0 0.750513 0.671458 0.086242 0.106776
0 0.804928 0.599589 0.067762 0.069815
0 0.813142 0.553388 0.063655 0.059548
0 0.867556 0.537988 0.073922 0.078029
0 0.893224 0.502053 0.067762 0.067762
0 0.930185 0.447639 0.080082 0.061602
0 0.960472 0.414784 0.079055 0.090349
0 0.564682 0.866530 0.084189 0.073922
0 0.683778 0.969199 0.092402 0.061602
0 0.775154 0.900411 0.065708 0.051335
0 0.747433 0.946612 0.055441 0.065708
0 0.812115 0.861396 0.061602 0.063655
0 0.864476 0.800821 0.075975 0.065708
0 0.886037 0.749487 0.106776 0.098563
0 0.968172 0.660164 0.049281 0.080082
0 0.977413 0.842916 0.043121 0.034908
0 0.958932 0.879877 0.075975 0.063655
0 0.952772 0.917864 0.067762 0.069815
0 0.892197 0.983573 0.045175 0.032854