0 0.017967 0.131417 0.035934 0.057495
0 0.037988 0.092402 0.057495 0.065708
0 0.078029 0.061602 0.084189 0.065708
0 0.129363 0.020534 0.071869 0.041068
0 0.303901 0.023614 0.051335 0.039014
0 0.270021 0.075975 0.061602 0.045175
0 0.228953 0.102669 0.069815 0.082136
0 0.190965 0.137577 0.075975 0.049281
0 0.178645 0.191992 0.067762 0.088296
0 0.112936 0.244353 0.075975 0.090349
0 0.082136 0.270021 0.092402 0.071869
0 0.033368 0.350103 0.066735 0.092402
0 0.021047 0.594456 0.042094 0.059548
0 0.061602 0.574949 0.047228 0.061602
0 0.142710 0.465092 0.057495 0.051335
0 0.166324 0.421971 0.075975 0.067762
0 0.224846 0.335729 0.078029 0.067762
0 0.213552 0.399384 0.067762 0.075975
0 0.313142 0.282341 0.078029 0.088296
0 0.359343 0.232033 0.071869 0.069815
0 0.433265 0.144764 0.063655 0.059548
0 0.487680 0.078029 0.065708 0.057495
0 0.506160 0.039014 0.086242 0.065708
0 0.547228 0.021561 0.045175 0.039014
0 0.689938 0.020534 0.075975 0.041068
0 0.651951 0.104723 0.082136 0.061602
0 0.584189 0.178645 0.065708 0.065708
0 0.569815 0.206366 0.069815 0.071869
0 0.530801 0.253593 0.078029 0.071869
0 0.503080 0.306982 0.084189 0.071869
0 0.456879 0.352156 0.078029 0.075975
0 0.385010 0.448665 0.094456 0.092402
0 0.321355 0.492813 0.086242 0.065708
0 0.283368 0.579055 0.071869 0.073922
0 0.242300 0.630390 0.067762 0.073922
0 0.195072 0.665298 0.067762 0.065708
0 0.152977 0.723819 0.078029 0.071869
0 0.086242 0.781314 0.096509 0.108830
0 0.025154 0.877823 0.050308 0.104723
0 0.131417 0.974333 0.055441 0.047228
0 0.164271 0.904517 0.071869 0.088296
0 0.234086 0.872690 0.047228 0.065708
0 0.251540 0.832649 0.069815 0.075975
0 0.300821 0.759754 0.069815 0.094456
0 0.382957 0.721766 0.082136 0.063655
0 0.365503 0.660164 0.088296 0.075975
0 0.467146 0.593429 0.082136 0.078029
0 0.496920 0.531828 0.100616 0.098563
0 0.595483 0.413758 0.063655 0.071869
0 0.583162 0.463039 0.059548 0.047228
0 0.658111 0.356263 0.065708 0.067762
0 0.676591 0.299795 0.094456 0.102669
0 0.753593 0.231006 0.071869 0.112936
0 0.787474 0.191992 0.069815 0.075975
0 0.893224 0.047228 0.039014 0.073922
0 0.932238 0.021561 0.063655 0.043121
0 0.354209 0.976386 0.082136 0.047228
0 0.368583 0.942505 0.049281 0.045175
0 0.412731 0.929158 0.067762 0.055441
0 0.438398 0.871663 0.082136 0.059548
0 0.444559 0.842916 0.061602 0.059548
0 0.502053 0.818275 0.032854 0.051335
0 0.594456 0.677618 0.086242 0.057495
0 0.585216 0.624230 0.055441 0.069815
0 0.640657 0.621150 0.080082 0.075975
0 0.702259 0.532854 0.088296 0.055441
0 0.724846 0.482546 0.063655 0.073922
0 0.768994 0.496920 0.069815 0.069815
0 0.765914 0.424025 0.051335 0.075975
0 0.800821 0.406571 0.075975 0.069815
0 0.834702 0.444559 0.090349 0.075975
0 0.865503 0.367556 0.082136 0.082136
0 0.920945 0.309035 0.045175 0.055441
0 0.964066 0.217659 0.069815 0.057495
0 0.977926 0.176591 0.044148 0.073922
0 0.568789 0.962012 0.067762 0.047228
0 0.582136 0.931211 0.069815 0.047228
0 0.657084 0.877823 0.096509 0.071869
0 0.705339 0.805955 0.069815 0.075975
0 0.739220 0.779261 0.071869 0.063655
0 0.766940 0.747433 0.069815 0.057495
0 0.790554 0.701232 0.092402 0.059548
0 0.822382 0.641684 0.078029 0.075975
0 0.847023 0.685832 0.053388 0.057495
0 0.885010 0.568789 0.071869 0.065708
0 0.960472 0.708419 0.079055 0.073922
0 0.944559 0.755647 0.100616 0.082136
0 0.888090 0.817248 0.053388 0.049281
0 0.878850 0.865503 0.043121 0.047228
0 0.835729 0.888090 0.104723 0.063655
0 0.796715 0.935318 0.067762 0.067762
0 0.760780 0.969199 0.061602 0.028747
0 0.718686 0.975359 0.055441 0.049281
0 0.946612 0.976386 0.084189 0.047228
0 0.954825 0.275154 0.059548 0.069815