0 0.024127 0.208419 0.048254 0.071869
0 0.036448 0.133470 0.072895 0.065708
0 0.064682 0.088296 0.086242 0.073922
0 0.111910 0.045175 0.078029 0.073922
0 0.149897 0.025667 0.088296 0.051334
0 0.056468 0.387064 0.090349 0.084189
0 0.088296 0.329569 0.084189 0.084189
0 0.117043 0.292608 0.075975 0.067762
0 0.158111 0.272074 0.063655 0.121150
0 0.197125 0.210472 0.104723 0.117043
0 0.217659 0.163244 0.084189 0.067762
0 0.242300 0.140657 0.075975 0.059548
0 0.298768 0.088296 0.078029 0.106776
0 0.348049 0.015400 0.073922 0.030800
0 0.054415 0.605749 0.078029 0.065708
0 0.107803 0.569815 0.049281 0.055441
0 0.106776 0.522587 0.067762 0.063655
0 0.144764 0.534908 0.057495 0.071869
0 0.154004 0.464066 0.051335 0.065708
0 0.190965 0.494867 0.067762 0.090349
0 0.263860 0.393224 0.082136 0.059548
0 0.290554 0.344969 0.049281 0.045175
0 0.328542 0.302875 0.071869 0.071869
0 0.347023 0.260780 0.092402 0.069815
0 0.408624 0.196099 0.063655 0.084189
0 0.445585 0.113963 0.075975 0.084189
0 0.467146 0.073922 0.069815 0.069815
0 0.535934 0.027721 0.063655 0.055441
0 0.041068 0.911704 0.071869 0.057495
0 0.073922 0.860370 0.047228 0.069815
0 0.122177 0.828542 0.065708 0.075975
0 0.117043 0.749487 0.084189 0.061602
0 0.185832 0.709446 0.065708 0.075975
0 0.215606 0.654004 0.080082 0.080082
0 0.255647 0.664271 0.061602 0.084189
0 0.312115 0.571869 0.055441 0.075975
0 0.356263 0.489733 0.082136 0.092402
0 0.399384 0.456879 0.082136 0.080082
0 0.502053 0.325462 0.073922 0.075975
0 0.547228 0.262834 0.078029 0.073922
0 0.559548 0.213552 0.053388 0.049281
0 0.622177 0.177618 0.080082 0.088296
0 0.598563 0.231006 0.086242 0.059548
0 0.724846 0.039014 0.067762 0.057495
0 0.766940 0.023614 0.073922 0.047228
0 0.941478 0.025667 0.069815 0.051334
0 0.895277 0.100616 0.051335 0.057495
0 0.862423 0.131417 0.051335 0.053388
0 0.830595 0.178645 0.073922 0.065708
0 0.762834 0.212526 0.065708 0.063655
0 0.754620 0.267967 0.069815 0.067762
0 0.678645 0.356263 0.094456 0.084189
0 0.609856 0.416838 0.055441 0.082136
0 0.650924 0.440452 0.039014 0.039014
0 0.616016 0.473306 0.067762 0.055441
0 0.556468 0.479466 0.055441 0.063655
0 0.578029 0.527721 0.061602 0.073922
0 0.428131 0.598563 0.057495 0.063655
0 0.427105 0.686858 0.080082 0.104723
0 0.377823 0.706366 0.055441 0.073922
0 0.393224 0.766940 0.049281 0.071869
0 0.347023 0.747433 0.075975 0.082136
0 0.347023 0.804928 0.043121 0.078029
0 0.274127 0.843943 0.057495 0.069815
0 0.243326 0.900411 0.045175 0.039014
0 0.221766 0.945585 0.063655 0.055441
0 0.161191 0.969199 0.061602 0.061602
0 0.018994 0.969199 0.037988 0.061602
0 0.326489 0.976386 0.071869 0.047228
0 0.392197 0.974333 0.067762 0.051334
0 0.425051 0.905544 0.043121 0.032854
0 0.454825 0.945585 0.082136 0.075975
0 0.477413 0.876797 0.069815 0.057495
0 0.503080 0.838809 0.071869 0.051335
0 0.550308 0.801848 0.067762 0.059548
0 0.544148 0.760780 0.088296 0.059548
0 0.577002 0.716632 0.080082 0.082136
0 0.610883 0.690965 0.069815 0.063655
0 0.654004 0.641684 0.073922 0.075975
0 0.695072 0.574949 0.036961 0.032854
0 0.746407 0.547228 0.061602 0.067762
0 0.750513 0.512320 0.057495 0.039014
0 0.767967 0.455852 0.051335 0.053388
0 0.799795 0.437372 0.061602 0.065708
0 0.835729 0.401437 0.067762 0.067762
0 0.878850 0.363450 0.067762 0.073922
0 0.925051 0.314168 0.057495 0.069815
0 0.966119 0.267967 0.061602 0.055441
0 0.972793 0.208419 0.054414 0.075975
0 0.979979 0.416838 0.040041 0.061602
0 0.940452 0.529774 0.067762 0.090349
0 0.902464 0.603696 0.069815 0.041068
0 0.856263 0.618070 0.067762 0.053388
0 0.847023 0.675565 0.036961 0.053388
0 0.781314 0.727926 0.069815 0.080082
0 0.736140 0.787474 0.036961 0.067762
0 0.667351 0.869610 0.075975 0.080082
0 0.598563 0.934292 0.069815 0.078029
0 0.679671 0.918891 0.051335 0.047228
0 0.567762 0.981520 0.098563 0.036960
0 0.816222 0.973306 0.061602 0.053388
0 0.823409 0.927105 0.075975 0.071869
0 0.891170 0.860370 0.104723 0.098563
0 0.929158 0.781314 0.069815 0.071869
0 0.968686 0.743326 0.062628 0.106776