0 0.026181 0.203285 0.052361 0.086242
0 0.063655 0.106776 0.088296 0.082136
0 0.114990 0.049281 0.075975 0.078029
0 0.165298 0.023614 0.090349 0.047228
0 0.037474 0.378850 0.074948 0.063655
0 0.032341 0.453799 0.064682 0.102669
0 0.129363 0.318275 0.071869 0.057495
0 0.141684 0.259754 0.104723 0.088296
0 0.201232 0.191992 0.075975 0.063655
0 0.264887 0.151951 0.080082 0.086242
0 0.287474 0.101643 0.084189 0.071869
0 0.320329 0.059548 0.071869 0.053388
0 0.343943 0.025667 0.090349 0.051334
0 0.028234 0.708419 0.056468 0.078029
0 0.080082 0.630390 0.071869 0.073922
0 0.106776 0.580082 0.063655 0.055441
0 0.161191 0.545175 0.069815 0.075975
0 0.201232 0.480493 0.071869 0.073922
0 0.237166 0.399384 0.078029 0.088296
0 0.091376 0.343943 0.045175 0.080082
0 0.283368 0.362423 0.063655 0.063655
0 0.311088 0.326489 0.078029 0.061602
0 0.334702 0.279261 0.092402 0.065708
0 0.403491 0.210472 0.110883 0.067762
0 0.449692 0.166324 0.104723 0.065708
0 0.476386 0.116016 0.080082 0.075975
0 0.522587 0.081109 0.094456 0.096509
0 0.553388 0.028747 0.106776 0.057494
0 0.035421 0.926078 0.070842 0.053388
0 0.065708 0.907598 0.063655 0.069815
0 0.097536 0.857290 0.069815 0.071869
0 0.178645 0.746407 0.088296 0.092402
0 0.222793 0.710472 0.082136 0.086242
0 0.256674 0.658111 0.080082 0.067762
0 0.295688 0.588296 0.067762 0.075975
0 0.338809 0.565708 0.059548 0.047228
0 0.332649 0.534908 0.039014 0.051335
0 0.369610 0.514374 0.075975 0.063655
0 0.404517 0.465092 0.063655 0.067762
0 0.443532 0.420945 0.104723 0.086242
0 0.497947 0.362423 0.069815 0.051335
0 0.518480 0.309035 0.061602 0.075975
0 0.564682 0.251540 0.075975 0.067762
0 0.572895 0.306982 0.063655 0.063655
0 0.622177 0.212526 0.051335 0.067762
0 0.655031 0.169405 0.088296 0.071869
0 0.718686 0.073922 0.071869 0.069815
0 0.768994 0.039014 0.061602 0.065708
0 0.806982 0.010267 0.059548 0.020534
0 0.015914 0.962012 0.031828 0.051335
0 0.211499 0.974333 0.071869 0.051334
0 0.216632 0.935318 0.078029 0.063655
0 0.265914 0.883984 0.061602 0.039014
0 0.264887 0.926078 0.051335 0.049281
0 0.298768 0.831622 0.065708 0.065708
0 0.358316 0.824435 0.086242 0.080082
0 0.326489 0.876797 0.084189 0.069815
0 0.354209 0.759754 0.082136 0.065708
0 0.409651 0.711499 0.078029 0.063655
0 0.436345 0.677618 0.098563 0.102669
0 0.511294 0.595483 0.075975 0.065708
0 0.548255 0.542094 0.063655 0.045175
0 0.593429 0.504107 0.067762 0.075975
0 0.608830 0.455852 0.082136 0.069815
0 0.637577 0.422998 0.065708 0.065708
0 0.678645 0.395277 0.061602 0.088296
0 0.706366 0.356263 0.063655 0.067762
0 0.775154 0.290554 0.073922 0.067762
0 0.795688 0.231006 0.065708 0.043121
0 0.830595 0.207392 0.061602 0.078029
0 0.849076 0.157084 0.078029 0.067762
0 0.895277 0.125257 0.092402 0.086242
0 0.931211 0.068789 0.053388 0.063655
0 0.962012 0.034908 0.073922 0.069815
0 0.410678 0.979466 0.055441 0.041068
0 0.448665 0.924025 0.098563 0.073922
0 0.504107 0.886037 0.094456 0.063655
0 0.518480 0.842916 0.102669 0.059548
0 0.566735 0.792608 0.096509 0.078029
0 0.594456 0.736140 0.082136 0.071869
0 0.662218 0.643737 0.065708 0.055441
0 0.701232 0.630390 0.061602 0.073922
0 0.716632 0.587269 0.067762 0.049281
0 0.765914 0.557495 0.080082 0.100616
0 0.816222 0.481520 0.057495 0.067762
0 0.836756 0.443532 0.078029 0.082136
0 0.876797 0.412731 0.067762 0.078029
0 0.917864 0.347023 0.059548 0.049281
0 0.909651 0.406571 0.051335 0.032854
0 0.960472 0.275154 0.079055 0.061602
0 0.962012 0.317248 0.045175 0.075975
0 0.567762 0.986653 0.065708 0.026694
0 0.614990 0.971253 0.082136 0.057494
0 0.678645 0.934292 0.069815 0.061602
0 0.670431 0.875770 0.065708 0.084189
0 0.732033 0.838809 0.098563 0.071869
0 0.771047 0.797741 0.106776 0.067762
0 0.779261 0.748460 0.082136 0.055441
0 0.843943 0.714579 0.092402 0.061602
0 0.860370 0.674538 0.088296 0.067762
0 0.894251 0.634497 0.106776 0.061602
0 0.919918 0.581109 0.100616 0.069815
0 0.963552 0.518480 0.072895 0.051335
0 0.976899 0.460986 0.046201 0.039014
0 0.781314 0.980493 0.057495 0.039014
0 0.810062 0.967146 0.073922 0.065708
0 0.850103 0.945585 0.071869 0.080082
0 0.883984 0.901437 0.078029 0.082136
0 0.649897 0.700205 0.078029 0.086242
0 0.928131 0.855236 0.071869 0.080082
0 0.965606 0.819302 0.068788 0.069815
0 0.971766 0.758727 0.056468 0.067762