0 0.029261 0.488706 0.058522 0.086242
0 0.029261 0.026694 0.058522 0.053388
0 0.028234 0.232033 0.056468 0.073922
0 0.062628 0.172485 0.061602 0.061602
0 0.010780 0.285421 0.021560 0.049281
0 0.103696 0.123203 0.065708 0.061602
0 0.141684 0.084189 0.088296 0.106776
0 0.181725 0.033881 0.057495 0.067762
0 0.231006 0.022587 0.065708 0.045174
0 0.081109 0.391170 0.073922 0.067762
0 0.111910 0.363450 0.078029 0.098563
0 0.159138 0.312115 0.069815 0.078029
0 0.191992 0.279261 0.090349 0.090349
0 0.236140 0.206366 0.059548 0.051335
0 0.271047 0.182752 0.067762 0.065708
0 0.314168 0.112936 0.096509 0.094456
0 0.391170 0.026694 0.061602 0.053388
0 0.437372 0.010267 0.026694 0.020534
0 0.589322 0.046201 0.067762 0.092402
0 0.535934 0.078029 0.063655 0.086242
0 0.536961 0.130390 0.069815 0.071869
0 0.475359 0.150924 0.090349 0.092402
0 0.420945 0.226899 0.080082 0.080082
0 0.374743 0.284394 0.102669 0.088296
0 0.326489 0.354209 0.067762 0.084189
0 0.284394 0.392197 0.090349 0.073922
0 0.249487 0.427105 0.094456 0.082136
0 0.246407 0.467146 0.071869 0.067762
0 0.193018 0.491786 0.117043 0.063655
0 0.184805 0.544148 0.080082 0.078029
0 0.152977 0.578029 0.078029 0.067762
0 0.111910 0.623203 0.061602 0.071869
0 0.082136 0.669405 0.100616 0.086242
0 0.041581 0.744353 0.083162 0.088296
0 0.078029 0.913758 0.084189 0.086242
0 0.148871 0.832649 0.082136 0.055441
0 0.137577 0.876797 0.067762 0.057495
0 0.039528 0.976386 0.079055 0.047228
0 0.196099 0.798768 0.065708 0.053388
0 0.218686 0.771047 0.090349 0.055441
0 0.248460 0.710472 0.084189 0.073922
0 0.273101 0.623203 0.063655 0.080082
0 0.331622 0.623203 0.082136 0.071869
0 0.294661 0.674538 0.065708 0.055441
0 0.386037 0.577002 0.063655 0.053388
0 0.391170 0.544148 0.082136 0.069815
0 0.430185 0.493840 0.082136 0.055441
0 0.465092 0.428131 0.078029 0.055441
0 0.496920 0.378850 0.071869 0.043121
0 0.527721 0.345996 0.084189 0.067762
0 0.566735 0.308008 0.080082 0.057495
0 0.610883 0.256674 0.078029 0.078029
0 0.658111 0.212526 0.073922 0.059548
0 0.652977 0.167351 0.051335 0.047228
0 0.711499 0.164271 0.090349 0.065708
0 0.695072 0.117043 0.061602 0.061602
0 0.759754 0.113963 0.080082 0.051335
0 0.778234 0.061602 0.084189 0.061602
0 0.808008 0.031828 0.073922 0.063655
0 0.965606 0.021561 0.068788 0.043121
0 0.977926 0.099589 0.044148 0.084189
0 0.931211 0.100616 0.086242 0.078029
0 0.912731 0.158111 0.082136 0.090349
0 0.858316 0.199179 0.075975 0.061602
0 0.830595 0.244353 0.069815 0.061602
0 0.763860 0.284394 0.051335 0.063655
0 0.811088 0.295688 0.075975 0.065708
0 0.722793 0.366530 0.100616 0.071869
0 0.665298 0.416838 0.059548 0.049281
0 0.722793 0.435318 0.075975 0.053388
0 0.664271 0.462012 0.069815 0.061602
0 0.597536 0.571869 0.121150 0.071869
0 0.625257 0.513347 0.073922 0.065708
0 0.503080 0.628337 0.121150 0.069815
0 0.427105 0.722793 0.108830 0.106776
0 0.400411 0.785421 0.100616 0.067762
0 0.365503 0.819302 0.104723 0.061602
0 0.320329 0.875770 0.063655 0.088296
0 0.290554 0.911704 0.069815 0.086242
0 0.254620 0.936345 0.075975 0.069815
0 0.226899 0.975359 0.090349 0.049281
0 0.436345 0.979466 0.086242 0.041068
0 0.430185 0.938398 0.078029 0.065708
0 0.483573 0.964066 0.065708 0.063655
0 0.509240 0.889117 0.059548 0.061602
0 0.548255 0.841889 0.063655 0.049281
0 0.554415 0.883984 0.063655 0.063655
0 0.605749 0.787474 0.112936 0.104723
0 0.644764 0.720739 0.092402 0.061602
0 0.671458 0.673511 0.092402 0.069815
0 0.716632 0.636550 0.084189 0.090349
0 0.743326 0.597536 0.100616 0.065708
0 0.788501 0.543121 0.088296 0.084189
0 0.847023 0.470226 0.098563 0.065708
0 0.854209 0.414784 0.067762 0.078029
0 0.913758 0.419918 0.092402 0.104723
0 0.963552 0.337782 0.072895 0.075975
0 0.967659 0.279261 0.064682 0.065708
0 0.854209 0.723819 0.084189 0.092402
0 0.816222 0.747433 0.098563 0.086242
0 0.776181 0.819302 0.096509 0.086242
0 0.748460 0.863450 0.114990 0.088296
0 0.679671 0.926078 0.088296 0.078029
0 0.635524 0.972279 0.110883 0.055441
0 0.869610 0.976386 0.102669 0.047228
0 0.881930 0.944559 0.094456 0.061602
0 0.915811 0.899384 0.088296 0.073922
0 0.932238 0.858316 0.092402 0.057495
0 0.966632 0.814168 0.066735 0.075975
0 0.959959 0.611910 0.045175 0.036961