0 0.036448 0.036961 0.072895 0.073922
0 0.029261 0.290554 0.058522 0.059548
0 0.046201 0.225873 0.061602 0.069815
0 0.080082 0.195072 0.055441 0.086242
0 0.114990 0.142710 0.067762 0.067762
0 0.137577 0.097536 0.075975 0.063655
0 0.176591 0.071869 0.059548 0.078029
0 0.213552 0.032854 0.071869 0.065708
0 0.255647 0.023614 0.041068 0.047228
0 0.079055 0.431211 0.102669 0.114990
0 0.137577 0.360370 0.088296 0.084189
0 0.167351 0.310062 0.073922 0.069815
0 0.196099 0.276181 0.065708 0.088296
0 0.250513 0.253593 0.071869 0.088296
0 0.295688 0.193018 0.088296 0.082136
0 0.337782 0.131417 0.106776 0.082136
0 0.364476 0.067762 0.131417 0.073922
0 0.444559 0.029774 0.090349 0.059548
0 0.048255 0.508214 0.045175 0.067762
0 0.023101 0.810062 0.046201 0.084189
0 0.016940 0.746407 0.033880 0.063655
0 0.058522 0.723819 0.065708 0.055441
0 0.091376 0.690965 0.094456 0.096509
0 0.124230 0.641684 0.073922 0.080082
0 0.152977 0.601643 0.102669 0.086242
0 0.187885 0.561602 0.098563 0.080082
0 0.241273 0.497947 0.090349 0.075975
0 0.290554 0.452772 0.078029 0.112936
0 0.330595 0.422998 0.080082 0.069815
0 0.362423 0.359343 0.082136 0.078029
0 0.376797 0.312115 0.082136 0.069815
0 0.421971 0.255647 0.073922 0.092402
0 0.479466 0.244353 0.053388 0.036961
0 0.496920 0.194045 0.096509 0.063655
0 0.487680 0.142710 0.078029 0.067762
0 0.553388 0.146817 0.078029 0.075975
0 0.558522 0.103696 0.075975 0.059548
0 0.602669 0.072895 0.065708 0.067762
0 0.647844 0.033881 0.094456 0.067762
0 0.852156 0.025667 0.067762 0.051334
0 0.824435 0.046201 0.119097 0.075975
0 0.779261 0.087269 0.102669 0.059548
0 0.750513 0.152977 0.139630 0.096509
0 0.693018 0.220739 0.098563 0.080082
0 0.659138 0.264887 0.117043 0.078029
0 0.577002 0.301848 0.080082 0.086242
0 0.592402 0.361396 0.069815 0.073922
0 0.497947 0.405544 0.110883 0.063655
0 0.539014 0.441478 0.086242 0.069815
0 0.471253 0.469199 0.098563 0.063655
0 0.452772 0.528747 0.069815 0.075975
0 0.398357 0.546201 0.075975 0.082136
0 0.386037 0.614990 0.084189 0.092402
0 0.338809 0.658111 0.059548 0.047228
0 0.294661 0.705339 0.069815 0.047228
0 0.257700 0.752567 0.061602 0.088296
0 0.207392 0.803901 0.059548 0.071869
0 0.179671 0.822382 0.102669 0.112936
0 0.140657 0.869610 0.078029 0.075975
0 0.112936 0.911704 0.092402 0.065708
0 0.068789 0.958932 0.069815 0.057495
0 0.028747 0.972279 0.051335 0.055441
0 0.257700 0.976386 0.073922 0.047228
0 0.301848 0.940452 0.092402 0.098563
0 0.392197 0.850103 0.096509 0.065708
0 0.493840 0.722793 0.057495 0.057495
0 0.523614 0.667351 0.084189 0.065708
0 0.547228 0.635524 0.086242 0.063655
0 0.582136 0.575975 0.098563 0.075975
0 0.633470 0.541068 0.082136 0.063655
0 0.660164 0.501027 0.086242 0.053388
0 0.699179 0.460986 0.082136 0.063655
0 0.740246 0.415811 0.073922 0.067762
0 0.768994 0.376797 0.073922 0.055441
0 0.644764 0.322382 0.071869 0.061602
0 0.794661 0.329569 0.096509 0.055441
0 0.840862 0.284394 0.082136 0.055441
0 0.904517 0.175565 0.110883 0.084189
0 0.944559 0.134497 0.071869 0.067762
0 0.960472 0.088296 0.079055 0.073922
0 0.966632 0.369610 0.066735 0.090349
0 0.895277 0.456879 0.080082 0.096509
0 0.861396 0.504107 0.078029 0.063655
0 0.832649 0.545175 0.086242 0.059548
0 0.775154 0.589322 0.123203 0.073922
0 0.742300 0.646817 0.065708 0.086242
0 0.671458 0.728953 0.084189 0.082136
0 0.583162 0.815195 0.071869 0.073922
0 0.573922 0.859343 0.073922 0.100616
0 0.523614 0.903491 0.071869 0.078029
0 0.488706 0.963039 0.088296 0.065708
0 0.438398 0.976386 0.073922 0.047228
0 0.700205 0.955852 0.088296 0.088296
0 0.755647 0.888090 0.067762 0.088296
0 0.786448 0.847023 0.067762 0.075975
0 0.814168 0.810062 0.057495 0.067762
0 0.849076 0.764887 0.073922 0.096509
0 0.895277 0.701232 0.071869 0.088296
0 0.926078 0.663244 0.047228 0.065708
0 0.968686 0.599589 0.062628 0.114990
0 0.880903 0.970226 0.059548 0.059548