0 0.026181 0.087269 0.052361 0.055441
0 0.055441 0.017454 0.055441 0.034908
0 0.104723 0.020534 0.047228 0.041068
0 0.024127 0.364476 0.048254 0.075975
0 0.053388 0.283368 0.067762 0.053388
0 0.053388 0.248460 0.084189 0.053388
0 0.093429 0.211499 0.061602 0.057495
0 0.140657 0.184805 0.106776 0.090349
0 0.164271 0.124230 0.071869 0.063655
0 0.201232 0.087269 0.063655 0.071869
0 0.235113 0.067762 0.073922 0.086242
0 0.251540 0.020534 0.102669 0.041068
0 0.030287 0.598563 0.060574 0.075975
0 0.055441 0.535934 0.067762 0.065708
0 0.126283 0.440452 0.110883 0.096509
0 0.167351 0.407598 0.098563 0.088296
0 0.196099 0.343943 0.082136 0.055441
0 0.231006 0.303901 0.106776 0.078029
0 0.283368 0.237166 0.080082 0.055441
0 0.321355 0.197125 0.098563 0.061602
0 0.380903 0.180698 0.094456 0.078029
0 0.394251 0.122177 0.075975 0.084189
0 0.420945 0.064682 0.084189 0.067762
0 0.460986 0.045175 0.073922 0.090349
0 0.071869 0.710472 0.084189 0.073922
0 0.050821 0.777207 0.101642 0.092402
0 0.024641 0.841889 0.043121 0.069815
0 0.152977 0.669405 0.086242 0.069815
0 0.176591 0.633470 0.108830 0.075975
0 0.245380 0.577002 0.110883 0.086242
0 0.237166 0.508214 0.061602 0.043121
0 0.317248 0.486653 0.073922 0.082136
0 0.328542 0.441478 0.084189 0.061602
0 0.362423 0.390144 0.082136 0.061602
0 0.404517 0.354209 0.084189 0.067762
0 0.447639 0.309035 0.059548 0.063655
0 0.476386 0.282341 0.071869 0.080082
0 0.509240 0.239220 0.096509 0.075975
0 0.551335 0.155031 0.061602 0.063655
0 0.594456 0.176591 0.078029 0.061602
0 0.607803 0.108830 0.075975 0.082136
0 0.643737 0.073922 0.090349 0.069815
0 0.688912 0.031828 0.073922 0.063655
0 0.109856 0.958932 0.094456 0.057495
0 0.130390 0.915811 0.078029 0.069815
0 0.169405 0.877823 0.106776 0.084189
0 0.217659 0.795688 0.112936 0.100616
0 0.386037 0.610883 0.108830 0.088296
0 0.426078 0.566735 0.094456 0.086242
0 0.464066 0.525667 0.080082 0.061602
0 0.491786 0.491786 0.065708 0.063655
0 0.524641 0.455852 0.094456 0.078029
0 0.590349 0.402464 0.098563 0.069815
0 0.604723 0.355236 0.082136 0.061602
0 0.648871 0.325462 0.088296 0.067762
0 0.678645 0.270021 0.090349 0.063655
0 0.723819 0.226899 0.057495 0.063655
0 0.751540 0.174538 0.063655 0.061602
0 0.801848 0.124230 0.090349 0.080082
0 0.839836 0.068789 0.080082 0.071869
0 0.881930 0.032854 0.082136 0.065708
0 0.936345 0.182752 0.092402 0.069815
0 0.868583 0.275154 0.084189 0.078029
0 0.832649 0.332649 0.114990 0.090349
0 0.782341 0.409651 0.125257 0.075975
0 0.750513 0.447639 0.057495 0.065708
0 0.685832 0.507187 0.104723 0.041068
0 0.648871 0.559548 0.096509 0.051335
0 0.593429 0.634497 0.112936 0.094456
0 0.530801 0.717659 0.086242 0.075975
0 0.473306 0.782341 0.053388 0.053388
0 0.440452 0.823409 0.078029 0.073922
0 0.406571 0.853183 0.071869 0.063655
0 0.386037 0.886037 0.084189 0.084189
0 0.357290 0.928131 0.075975 0.082136
0 0.300821 0.955852 0.078029 0.084189
0 0.079055 0.982546 0.090349 0.034908
0 0.518480 0.981520 0.098563 0.036960
0 0.548255 0.950719 0.063655 0.061602
0 0.580082 0.913758 0.069815 0.045175
0 0.613963 0.874743 0.059548 0.061602
0 0.646817 0.825462 0.084189 0.078029
0 0.694045 0.787474 0.063655 0.092402
0 0.718686 0.719713 0.059548 0.055441
0 0.758727 0.684805 0.086242 0.088296
0 0.866530 0.589322 0.075975 0.061602
0 0.897331 0.539014 0.080082 0.071869
0 0.929158 0.485626 0.065708 0.075975
0 0.964066 0.441478 0.049281 0.069815
0 0.964579 0.394251 0.070842 0.082136
0 0.986140 0.613963 0.027720 0.045175
0 0.958932 0.686858 0.067762 0.084189
0 0.879877 0.788501 0.061602 0.053388
0 0.836756 0.825462 0.065708 0.053388
0 0.801848 0.865503 0.061602 0.055441
0 0.771047 0.930185 0.082136 0.061602
0 0.948665 0.959959 0.067762 0.059548