0 0.046201 0.048255 0.069815 0.063655
0 0.030287 0.091376 0.060574 0.063655
0 0.029261 0.362423 0.058522 0.071869
0 0.052361 0.287474 0.069815 0.069815
0 0.117043 0.241273 0.059548 0.063655
0 0.165298 0.152977 0.069815 0.063655
0 0.210472 0.096509 0.090349 0.061602
0 0.260780 0.052361 0.084189 0.059548
0 0.289528 0.015400 0.108830 0.030800
0 0.028747 0.830595 0.055441 0.080082
0 0.072895 0.784394 0.065708 0.078029
0 0.120123 0.752567 0.069815 0.063655
0 0.166324 0.703285 0.075975 0.080082
0 0.187885 0.639630 0.082136 0.071869
0 0.223819 0.605749 0.084189 0.098563
0 0.275154 0.556468 0.096509 0.073922
0 0.323409 0.478439 0.082136 0.065708
0 0.356263 0.431211 0.073922 0.061602
0 0.413758 0.362423 0.094456 0.067762
0 0.480493 0.280287 0.067762 0.080082
0 0.561602 0.183778 0.082136 0.096509
0 0.666324 0.052361 0.078029 0.080082
0 0.441478 0.068789 0.117043 0.075975
0 0.388090 0.141684 0.100616 0.061602
0 0.304928 0.228953 0.102669 0.084189
0 0.273101 0.303901 0.084189 0.061602
0 0.176591 0.435318 0.071869 0.090349
0 0.113963 0.478439 0.078029 0.073922
0 0.075975 0.532854 0.075975 0.063655
0 0.044148 0.592402 0.073922 0.059548
0 0.431211 0.406571 0.063655 0.057495