0 0.312115 0.955852 0.162218 0.088296
0 0.070842 0.893224 0.078029 0.045175
0 0.052361 0.448665 0.086242 0.075975
0 0.094456 0.585216 0.178645 0.164271
0 0.910678 0.839836 0.123203 0.123203
0 0.652977 0.967146 0.117043 0.065708
0 0.549281 0.868583 0.147844 0.135524
0 0.523614 0.756674 0.096509 0.092402
0 0.475359 0.701232 0.090349 0.075975
0 0.438398 0.572895 0.143737 0.127310
0 0.286448 0.594456 0.164271 0.100616
0 0.352156 0.505133 0.110883 0.123203
0 0.178645 0.424025 0.088296 0.039014
0 0.182605 0.482546 0.085069 0.085069
0 0.139337 0.328542 0.133470 0.111470
0 0.288208 0.277207 0.120270 0.079202
0 0.316075 0.332209 0.102669 0.089469
0 0.459812 0.305808 0.079202 0.083602
0 0.633617 0.397477 0.083602 0.108536
0 0.701819 0.487680 0.090936 0.159871
0 0.591816 0.608683 0.035201 0.052801
0 0.558082 0.548548 0.046935 0.079202
0 0.680551 0.756087 0.080669 0.068935
0 0.726753 0.830889 0.073335 0.066002
0 0.897624 0.583016 0.086536 0.089469
0 0.948959 0.645351 0.083602 0.079202
0 0.869757 0.487680 0.110003 0.063068
0 0.845556 0.412878 0.140804 0.098269
0 0.805221 0.333676 0.107070 0.112936
0 0.901291 0.232473 0.046935 0.054268
0 0.932825 0.302141 0.118803 0.096803
0 0.964359 0.223673 0.061602 0.083602
0 0.545615 0.172338 0.115870 0.045468
0 0.530214 0.127603 0.055735 0.064535
0 0.323409 0.099736 0.073335 0.067468
0 0.198005 0.149604 0.060135 0.029334
0 0.222206 0.217806 0.076269 0.048401
0 0.161338 0.057202 0.063068 0.067468
0 0.599883 0.028601 0.077735 0.054268
0 0.646084 0.096069 0.108536 0.110003
0 0.795688 0.037401 0.044001 0.066002
0 0.948445 0.025667 0.103109 0.048401
0 0.975359 0.082869 0.027867 0.057202
0 0.035934 0.094269 0.071868 0.188538
0 0.983946 0.392944 0.032108 0.035468