0 0.028234 0.023614 0.056468 0.047228
0 0.124230 0.216632 0.102669 0.125257
0 0.037474 0.331622 0.074948 0.063655
0 0.131417 0.522587 0.154004 0.071869
0 0.040554 0.681725 0.081108 0.049281
0 0.073922 0.763860 0.133470 0.053388
0 0.123203 0.848049 0.071869 0.057495
0 0.131417 0.924025 0.125257 0.065708
0 0.201232 0.971253 0.080082 0.057494
0 0.166324 0.614990 0.112936 0.080082
0 0.470226 0.908624 0.104723 0.108830
0 0.438398 0.793634 0.110883 0.112936
0 0.370637 0.691992 0.135524 0.114990
0 0.287474 0.631417 0.133470 0.108830
0 0.279261 0.520534 0.108830 0.108830
0 0.206366 0.398357 0.061602 0.061602
0 0.164271 0.318275 0.133470 0.127310
0 0.235113 0.057495 0.147844 0.114990
0 0.293634 0.281314 0.096509 0.147844
0 0.342916 0.381930 0.084189 0.106776
0 0.443532 0.574949 0.108830 0.098563
0 0.515400 0.673511 0.063655 0.114990
0 0.595483 0.827515 0.162218 0.114990
0 0.640657 0.945585 0.162218 0.100616
0 0.824435 0.917864 0.106776 0.147844
0 0.700205 0.627310 0.092402 0.117043
0 0.563655 0.460986 0.168378 0.092402
0 0.494867 0.286448 0.075975 0.092402
0 0.397331 0.183778 0.057495 0.067762
0 0.517454 0.029774 0.075975 0.059548
0 0.565708 0.160164 0.090349 0.082136
0 0.609856 0.211499 0.071869 0.053388
0 0.612936 0.325462 0.086242 0.047228
0 0.677618 0.285421 0.088296 0.053388
0 0.737166 0.455852 0.080082 0.102669
0 0.820329 0.608830 0.078029 0.108830
0 0.922998 0.779261 0.123203 0.088296
0 0.969713 0.936345 0.060574 0.114990
0 0.975873 0.616016 0.048254 0.106776
0 0.952259 0.524641 0.095482 0.096509
0 0.831622 0.365503 0.108830 0.098563
0 0.897331 0.425051 0.096509 0.119097
0 0.968686 0.333676 0.062628 0.088296
0 0.734086 0.127310 0.110883 0.131417
0 0.787474 0.200205 0.102669 0.117043
0 0.893224 0.110883 0.100616 0.110883
0 0.971766 0.036961 0.056468 0.065708