0 0.048255 0.081109 0.090349 0.117043
0 0.147844 0.021561 0.117043 0.043121
0 0.183778 0.074949 0.110883 0.092402
0 0.160164 0.311088 0.141684 0.104723
0 0.062628 0.451745 0.106776 0.135524
0 0.101643 0.557495 0.110883 0.112936
0 0.071869 0.889117 0.104723 0.102669
0 0.234086 0.845996 0.112936 0.094456
0 0.174538 0.976386 0.108830 0.047228
0 0.324435 0.839836 0.088296 0.078029
0 0.277207 0.604723 0.154004 0.088296
0 0.341889 0.688912 0.135524 0.108830
0 0.375770 0.783368 0.100616 0.108830
0 0.490760 0.715606 0.112936 0.084189
0 0.570842 0.765914 0.055441 0.098563
0 0.466119 0.975359 0.100616 0.049281
0 0.813142 0.936345 0.092402 0.127310
0 0.944045 0.869610 0.111910 0.145791
0 0.848049 0.682752 0.117043 0.088296
0 0.864476 0.759754 0.108830 0.090349
0 0.735113 0.842916 0.112936 0.063655
0 0.655031 0.682752 0.096509 0.092402
0 0.569815 0.535934 0.143737 0.110883
0 0.422998 0.532854 0.104723 0.051335
0 0.395277 0.444559 0.114990 0.100616
0 0.330595 0.406571 0.096509 0.119097
0 0.221766 0.496920 0.088296 0.090349
0 0.224846 0.428131 0.143737 0.129363
0 0.340862 0.065708 0.129363 0.065708
0 0.386037 0.131417 0.084189 0.082136
0 0.414784 0.218686 0.100616 0.129363
0 0.527721 0.096509 0.096509 0.102669
0 0.590349 0.261807 0.110883 0.067762
0 0.612936 0.334702 0.090349 0.102669
0 0.696099 0.351129 0.112936 0.127310
0 0.689938 0.455852 0.117043 0.164271
0 0.764887 0.544148 0.123203 0.102669
0 0.691992 0.065708 0.117043 0.102669
0 0.739220 0.159138 0.096509 0.104723
0 0.950205 0.214579 0.099589 0.129363
0 0.832649 0.050308 0.119097 0.092402
0 0.890144 0.097536 0.090349 0.075975
0 0.805955 0.342916 0.032854 0.082136