0 0.102669 0.897331 0.121150 0.094456
0 0.176591 0.954825 0.158111 0.090349
0 0.035421 0.751540 0.070842 0.131417
0 0.152977 0.622177 0.114990 0.094456
0 0.329569 0.678645 0.106776 0.088296
0 0.418891 0.849076 0.075975 0.051335
0 0.429158 0.926078 0.043121 0.082136
0 0.544148 0.844969 0.084189 0.071869
0 0.571869 0.789528 0.078029 0.080082
0 0.513347 0.716632 0.092402 0.090349
0 0.083162 0.493840 0.127310 0.043121
0 0.064682 0.391170 0.098563 0.104723
0 0.049281 0.206366 0.051335 0.084189
0 0.086242 0.117043 0.075975 0.094456
0 0.182752 0.121150 0.096509 0.143737
0 0.278787 0.288264 0.091613 0.112147
0 0.329332 0.404360 0.082136 0.072658
0 0.217975 0.488864 0.086874 0.093192
0 0.552045 0.528353 0.110567 0.086874
0 0.514927 0.396462 0.086874 0.060022
0 0.566261 0.455694 0.082136 0.080556
0 0.602590 0.581267 0.101090 0.104249
0 0.717106 0.553625 0.099510 0.093192
0 0.799242 0.576528 0.086874 0.097931
0 0.693413 0.722635 0.052124 0.112147
0 0.638920 0.694203 0.069499 0.067920
0 0.850577 0.812668 0.116885 0.108988
0 0.921655 0.538619 0.113726 0.123203
0 0.879008 0.405149 0.101090 0.080556
0 0.723424 0.452535 0.096351 0.055284
0 0.622335 0.338019 0.105828 0.085295
0 0.464382 0.300900 0.090033 0.093192
0 0.388564 0.282736 0.067920 0.053704
0 0.373559 0.215606 0.069499 0.045806
0 0.360370 0.129363 0.073922 0.057495
0 0.295875 0.023334 0.078402 0.046668
0 0.474146 0.036401 0.080269 0.072802
0 0.517080 0.112936 0.128803 0.132537
0 0.570282 0.215606 0.115736 0.102669
0 0.644951 0.080269 0.123203 0.093336
0 0.689752 0.130670 0.104536 0.097069
0 0.749487 0.216539 0.097069 0.074669
0 0.776554 0.280941 0.162404 0.110136
0 0.798021 0.331342 0.093336 0.069069
0 0.893224 0.142804 0.093336 0.125070
0 0.805488 0.028001 0.089602 0.056001
0 0.982080 0.034534 0.035840 0.069068
0 0.928691 0.255740 0.100803 0.063468
0 0.950159 0.333209 0.072802 0.147471
0 0.967892 0.755087 0.056001 0.039201
0 0.733620 0.924958 0.065335 0.050401