0 0.030287 0.728953 0.060574 0.143737
0 0.047228 0.835729 0.084189 0.082136
0 0.389117 0.815195 0.143737 0.098563
0 0.540041 0.881930 0.100616 0.092402
0 0.106776 0.285421 0.108830 0.147844
0 0.194045 0.412731 0.160164 0.147844
0 0.291581 0.314168 0.100616 0.156057
0 0.146817 0.065708 0.082136 0.114990
0 0.330595 0.084189 0.096509 0.127310
0 0.438596 0.266388 0.044780 0.117991
0 0.381456 0.262202 0.078976 0.126362
0 0.539409 0.479387 0.088454 0.124783
0 0.738430 0.484126 0.072658 0.080556
0 0.794503 0.645238 0.052124 0.067920
0 0.860054 0.745538 0.120044 0.110567
0 0.894803 0.516506 0.110567 0.075817
0 0.815827 0.388564 0.116885 0.113726
0 0.710788 0.136629 0.140578 0.143737
0 0.894803 0.201390 0.094772 0.153214
0 0.931922 0.325383 0.090033 0.142158
0 0.973780 0.391723 0.050545 0.135840
0 0.807929 0.033170 0.069499 0.066340