0 0.032341 0.942505 0.064682 0.114990
0 0.136550 0.951745 0.090349 0.096509
0 0.103696 0.869610 0.094456 0.080082
0 0.041581 0.662218 0.083162 0.071869
0 0.041581 0.752567 0.083162 0.084189
0 0.048768 0.324435 0.097536 0.123203
0 0.069815 0.448665 0.104723 0.075975
0 0.088296 0.515400 0.104723 0.102669
0 0.143737 0.640657 0.182752 0.114990
0 0.208419 0.767967 0.078029 0.078029
0 0.261807 0.854209 0.078029 0.094456
0 0.319302 0.895277 0.065708 0.143737
0 0.029261 0.044148 0.058522 0.088296
0 0.025154 0.167351 0.050308 0.067762
0 0.173511 0.077002 0.172485 0.154004
0 0.149897 0.250513 0.080082 0.098563
0 0.374743 0.975359 0.078029 0.049281
0 0.474333 0.951745 0.125257 0.096509
0 0.397331 0.778234 0.143737 0.135524
0 0.319302 0.611910 0.110883 0.156057
0 0.231006 0.470226 0.139630 0.102669
0 0.273101 0.241273 0.100616 0.096509
0 0.343943 0.372690 0.102669 0.100616
0 0.497947 0.680698 0.123203 0.162218
0 0.584189 0.880903 0.110883 0.156057
0 0.647844 0.946612 0.131417 0.098563
0 0.336756 0.048255 0.117043 0.096509
0 0.378850 0.133470 0.110883 0.106776
0 0.441478 0.198152 0.092402 0.080082
0 0.511294 0.327515 0.063655 0.063655
0 0.484600 0.403491 0.071869 0.059548
0 0.555441 0.477413 0.069815 0.051335
0 0.502053 0.543121 0.078029 0.063655
0 0.680698 0.617043 0.119097 0.088296
0 0.731006 0.798768 0.129363 0.110883
0 0.763860 0.913758 0.121150 0.078029
0 0.906571 0.832649 0.135524 0.104723
0 0.965606 0.982546 0.068788 0.034908
0 0.842916 0.654004 0.151951 0.154004
0 0.759754 0.528747 0.117043 0.096509
0 0.647844 0.337782 0.114990 0.141684
0 0.511294 0.086242 0.133470 0.172484
0 0.654004 0.088296 0.098563 0.139630
0 0.786448 0.168378 0.117043 0.082136
0 0.799795 0.286448 0.156057 0.186858
0 0.855236 0.379877 0.131417 0.078029
0 0.912731 0.495893 0.143737 0.182752
0 0.952259 0.616016 0.095482 0.127310
0 0.939425 0.309035 0.102669 0.145791
0 0.938912 0.186858 0.122176 0.123203
0 0.796715 0.037988 0.117043 0.075975
0 0.966632 0.053388 0.066735 0.094456