0 0.025154 0.273101 0.050308 0.156057
0 0.136550 0.186858 0.078029 0.102669
0 0.198152 0.048255 0.102669 0.067762
0 0.270021 0.201232 0.090349 0.098563
0 0.356263 0.020534 0.090349 0.036961
0 0.371663 0.072895 0.117043 0.104723
0 0.413758 0.150924 0.094456 0.092402
0 0.454825 0.254620 0.082136 0.069815
0 0.521561 0.376797 0.112936 0.092402
0 0.159138 0.327515 0.188912 0.112936
0 0.136550 0.524641 0.123203 0.112936
0 0.030287 0.673511 0.060574 0.090349
0 0.083162 0.813142 0.114990 0.123203
0 0.148871 0.927105 0.156057 0.117043
0 0.224846 0.688912 0.131417 0.190965
0 0.287474 0.803901 0.117043 0.096509
0 0.335729 0.965092 0.102669 0.069815
0 0.418891 0.842916 0.096509 0.067762
0 0.651951 0.969199 0.135524 0.061602
0 0.549281 0.808008 0.098563 0.170431
0 0.504107 0.682752 0.127310 0.080082
0 0.318275 0.613963 0.080082 0.102669
0 0.363450 0.684805 0.112936 0.096509
0 0.256674 0.490760 0.092402 0.102669
0 0.211499 0.409651 0.223819 0.075975
0 0.334702 0.338809 0.129363 0.114990
0 0.392197 0.462012 0.133470 0.061602
0 0.446612 0.537988 0.073922 0.053388
0 0.544148 0.460986 0.096509 0.075975
0 0.606776 0.548255 0.102669 0.082136
0 0.656057 0.662218 0.156057 0.084189
0 0.662218 0.723819 0.176591 0.067762
0 0.681725 0.814168 0.137577 0.100616
0 0.727926 0.894251 0.094456 0.067762
0 0.798768 0.946612 0.100616 0.106776
0 0.907598 0.901437 0.092402 0.123203
0 0.964066 0.940452 0.057495 0.102669
0 0.963552 0.642710 0.072895 0.123203
0 0.849076 0.694045 0.086242 0.094456
0 0.743326 0.563655 0.129363 0.112936
0 0.703285 0.428131 0.156057 0.075975
0 0.660164 0.316222 0.106776 0.102669
0 0.732033 0.126283 0.086242 0.117043
0 0.915811 0.147844 0.129363 0.123203
0 0.971766 0.299795 0.056468 0.086242
0 0.925051 0.526694 0.139630 0.100616
0 0.829569 0.328542 0.092402 0.065708
0 0.466119 0.017454 0.121150 0.034908
0 0.492813 0.066735 0.084189 0.059548