0 0.040554 0.066735 0.081108 0.096509
0 0.075975 0.146817 0.096509 0.100616
0 0.137577 0.256674 0.145791 0.127310
0 0.191992 0.344969 0.119097 0.131417
0 0.226899 0.444559 0.106776 0.125257
0 0.027207 0.373717 0.054414 0.090349
0 0.028234 0.652977 0.056468 0.193018
0 0.113963 0.827515 0.123203 0.127310
0 0.029261 0.930185 0.058522 0.086242
0 0.182752 0.649897 0.096509 0.112936
0 0.226899 0.762834 0.082136 0.055441
0 0.261807 0.848049 0.102669 0.156057
0 0.385010 0.832649 0.069815 0.071869
0 0.475359 0.881930 0.139630 0.170431
0 0.144764 0.904517 0.073922 0.063655
0 0.396304 0.713552 0.133470 0.112936
0 0.317248 0.649897 0.069815 0.055441
0 0.332649 0.573922 0.096509 0.071869
0 0.180698 0.034908 0.084189 0.069815
0 0.254620 0.119097 0.117043 0.102669
0 0.285421 0.203285 0.080082 0.135524
0 0.354209 0.360370 0.053388 0.100616
0 0.325462 0.298768 0.135524 0.100616
0 0.416838 0.452772 0.055441 0.104723
0 0.364476 0.431211 0.082136 0.073922
0 0.434292 0.613963 0.069815 0.082136
0 0.503080 0.697125 0.088296 0.096509
0 0.616016 0.842916 0.133470 0.108830
0 0.678645 0.951745 0.127310 0.096509
0 0.710472 0.759754 0.141684 0.110883
0 0.741273 0.854209 0.154004 0.065708
0 0.856263 0.682752 0.129363 0.067762
0 0.907598 0.776181 0.125257 0.098563
0 0.959446 0.896304 0.081108 0.063655
0 0.946099 0.966119 0.107802 0.067762
0 0.629363 0.582136 0.119097 0.075975
0 0.580082 0.426078 0.143737 0.125257
0 0.422998 0.312115 0.071869 0.090349
0 0.487680 0.289528 0.082136 0.131417
0 0.399384 0.102669 0.131417 0.131417
0 0.405544 0.165298 0.110883 0.100616
0 0.315195 0.021561 0.086242 0.043121
0 0.529774 0.020534 0.084189 0.041068
0 0.620123 0.265914 0.145791 0.104723
0 0.795688 0.505133 0.110883 0.135524
0 0.736140 0.445585 0.094456 0.127310
0 0.832649 0.323409 0.102669 0.075975
0 0.926078 0.516427 0.088296 0.141684
0 0.904517 0.189938 0.131417 0.092402
0 0.928131 0.095483 0.129363 0.067762
0 0.865503 0.037988 0.127310 0.075975
0 0.732033 0.108830 0.131417 0.110883
0 0.773101 0.227926 0.102669 0.057495
0 0.977926 0.286448 0.044148 0.039014