0 0.053901 0.021561 0.107802 0.043121
0 0.264887 0.050308 0.215606 0.100616
0 0.521561 0.043121 0.108830 0.086242
0 0.699179 0.030801 0.127310 0.057495
0 0.841889 0.017454 0.092402 0.030801
0 0.059548 0.121150 0.092402 0.065708
0 0.112936 0.150924 0.088296 0.051335
0 0.149897 0.223819 0.112936 0.123203
0 0.279261 0.203285 0.145791 0.127310
0 0.422998 0.140657 0.125257 0.145791
0 0.734086 0.178645 0.143737 0.082136
0 0.871663 0.084189 0.078029 0.061602
0 0.945072 0.170431 0.109856 0.057495
0 0.967659 0.251540 0.064682 0.067762
0 0.960986 0.341889 0.067762 0.096509
0 0.411704 0.287474 0.069815 0.086242
0 0.323409 0.298768 0.143737 0.100616
0 0.182752 0.347023 0.117043 0.065708
0 0.251540 0.426078 0.114990 0.047228
0 0.257700 0.468172 0.139630 0.049281
0 0.280287 0.543121 0.156057 0.047228
0 0.360370 0.632444 0.160164 0.086242
0 0.386037 0.744353 0.149897 0.096509
0 0.465092 0.899384 0.110883 0.094456
0 0.355236 0.957906 0.059548 0.084188
0 0.272074 0.920945 0.127310 0.080082
0 0.165298 0.983573 0.094456 0.032854
0 0.067248 0.738193 0.134496 0.117043
0 0.051848 0.645791 0.103696 0.117043
0 0.047228 0.330595 0.088296 0.102669
0 0.063655 0.523614 0.092402 0.086242
0 0.110883 0.447639 0.100616 0.065708
0 0.122177 0.511294 0.078029 0.090349
0 0.471253 0.537988 0.119097 0.082136
0 0.534908 0.632444 0.147844 0.082136
0 0.592402 0.732033 0.131417 0.055441
0 0.605749 0.803901 0.137577 0.051335
0 0.691992 0.955852 0.145791 0.088296
0 0.847023 0.902464 0.156057 0.137577
0 0.967659 0.828542 0.064682 0.067762
0 0.739220 0.698152 0.145791 0.065708
0 0.768994 0.790554 0.151951 0.078029
0 0.915811 0.708419 0.108830 0.069815
0 0.912218 0.500000 0.175564 0.178645
0 0.672485 0.597536 0.139630 0.090349
0 0.575975 0.471253 0.139630 0.080082
0 0.555441 0.353183 0.106776 0.131417
0 0.632444 0.296715 0.088296 0.092402
0 0.845996 0.263860 0.121150 0.141684