0 0.147844 0.649897 0.129363 0.129363
0 0.251540 0.898357 0.106776 0.121150
0 0.364476 0.785421 0.069815 0.088296
0 0.275154 0.726899 0.075975 0.073922
0 0.020021 0.453799 0.040041 0.082136
0 0.285421 0.975359 0.104723 0.049281
0 0.476386 0.723819 0.174538 0.100616
0 0.575975 0.831622 0.098563 0.106776
0 0.813142 0.952772 0.129363 0.094456
0 0.712526 0.820329 0.084189 0.092402
0 0.477413 0.592402 0.073922 0.129363
0 0.458932 0.609856 0.036961 0.000000
0 0.407598 0.558522 0.102669 0.106776
0 0.299795 0.301848 0.112936 0.160164
0 0.023101 0.086242 0.046201 0.098563
0 0.119097 0.040041 0.030801 0.080082
0 0.240246 0.126283 0.145791 0.137577
0 0.530801 0.108830 0.090349 0.135524
0 0.514374 0.465092 0.094456 0.080082
0 0.797741 0.580082 0.073922 0.084189
0 0.922998 0.600616 0.069815 0.121150
0 0.961499 0.638604 0.077002 0.139630
0 0.970739 0.788501 0.058522 0.090349
0 0.899384 0.888090 0.117043 0.096509
0 0.830595 0.379877 0.090349 0.069815
0 0.696099 0.490760 0.092402 0.082136
0 0.608830 0.290554 0.069815 0.088296
0 0.624230 0.367556 0.096509 0.094456
0 0.709446 0.172485 0.086242 0.139630
0 0.622177 0.081109 0.108830 0.162218
0 0.806982 0.052361 0.084189 0.104722
0 0.905544 0.189938 0.084189 0.100616
0 0.947639 0.275154 0.090349 0.127310
0 0.968172 0.052361 0.045175 0.100616