0 0.975873 0.716632 0.048254 0.164271
0 0.874743 0.831622 0.088296 0.176591
0 0.950719 0.980493 0.047228 0.039014
0 0.767967 0.935318 0.121150 0.100616
0 0.723819 0.857290 0.098563 0.117043
0 0.642710 0.759754 0.117043 0.127310
0 0.543121 0.635524 0.069815 0.117043
0 0.611910 0.594456 0.071869 0.186858
0 0.519507 0.441478 0.096509 0.127310
0 0.393224 0.349076 0.094456 0.131417
0 0.234086 0.296715 0.092402 0.108830
0 0.118070 0.065708 0.110883 0.131416
0 0.037474 0.503080 0.074948 0.102669
0 0.217659 0.851129 0.112936 0.096509
0 0.380903 0.843943 0.110883 0.073922
0 0.392197 0.906571 0.112936 0.092402
0 0.537988 0.860370 0.084189 0.073922
0 0.556468 0.905544 0.117043 0.061602
0 0.577002 0.964066 0.096509 0.067762
0 0.222793 0.548255 0.082136 0.102669
0 0.558522 0.212526 0.125257 0.108830
0 0.857290 0.482546 0.094456 0.114990
0 0.741273 0.341889 0.104723 0.137577
0 0.676591 0.170431 0.086242 0.106776
0 0.800821 0.040041 0.129363 0.080082
0 0.926078 0.650924 0.108830 0.094456
0 0.764887 0.708419 0.073922 0.102669
0 0.970996 0.142882 0.058008 0.070157
0 0.953029 0.385010 0.093942 0.075291
0 0.248973 0.655373 0.065024 0.106092
0 0.172827 0.774298 0.063313 0.077002