0 0.042094 0.156057 0.082136 0.127310
0 0.038501 0.478439 0.077002 0.102669
0 0.134497 0.972279 0.065708 0.055441
0 0.227926 0.822382 0.137577 0.084189
0 0.114990 0.579055 0.149897 0.045175
0 0.135524 0.645791 0.108830 0.108830
0 0.257700 0.589322 0.078029 0.069815
0 0.301848 0.674538 0.117043 0.100616
0 0.491786 0.973306 0.106776 0.053388
0 0.618070 0.946612 0.059548 0.078029
0 0.568789 0.804928 0.112936 0.119097
0 0.488706 0.678645 0.108830 0.080082
0 0.364476 0.731006 0.090349 0.110883
0 0.720739 0.816222 0.084189 0.112936
0 0.861396 0.788501 0.094456 0.119097
0 0.917351 0.845996 0.165298 0.086242
0 0.787474 0.682752 0.094456 0.088296
0 0.766940 0.623203 0.078029 0.075975
0 0.606776 0.610883 0.098563 0.088296
0 0.609856 0.671458 0.059548 0.110883
0 0.354209 0.492813 0.147844 0.168378
0 0.220739 0.524641 0.061602 0.096509
0 0.139630 0.372690 0.075975 0.129363
0 0.278234 0.286448 0.102669 0.080082
0 0.196099 0.166324 0.106776 0.078029
0 0.156057 0.077002 0.121150 0.084189
0 0.444559 0.291581 0.065708 0.073922
0 0.376797 0.185832 0.061602 0.088296
0 0.351129 0.110883 0.096509 0.078029
0 0.488706 0.052361 0.063655 0.059548
0 0.472279 0.113963 0.121150 0.075975
0 0.582136 0.203285 0.082136 0.123203
0 0.702259 0.489733 0.080082 0.104723
0 0.795688 0.317248 0.102669 0.104723
0 0.944045 0.299795 0.111910 0.156057
0 0.965092 0.434292 0.055441 0.121150
0 0.676591 0.130390 0.106776 0.071869
0 0.867556 0.162218 0.127310 0.078029
0 0.789528 0.048255 0.102669 0.096509
0 0.908624 0.026694 0.053388 0.053388
0 0.983573 0.086242 0.022587 0.078029