0 0.180698 0.056468 0.092402 0.084189
0 0.132444 0.275154 0.082136 0.131417
0 0.034394 0.405544 0.068788 0.125257
0 0.072895 0.550308 0.106776 0.160164
0 0.021047 0.761807 0.042094 0.106776
0 0.102669 0.948665 0.096509 0.053388
0 0.178645 0.763860 0.075975 0.082136
0 0.281314 0.893224 0.071869 0.156057
0 0.497947 0.974333 0.151951 0.051334
0 0.430185 0.861396 0.094456 0.108830
0 0.331622 0.709446 0.114990 0.125257
0 0.224846 0.567762 0.156057 0.121150
0 0.239220 0.453799 0.119097 0.114990
0 0.151951 0.391170 0.133470 0.141684
0 0.104723 0.120123 0.071869 0.100616
0 0.252567 0.262834 0.084189 0.102669
0 0.332649 0.371663 0.117043 0.090349
0 0.364476 0.467146 0.094456 0.121150
0 0.491786 0.627310 0.123203 0.034908
0 0.681725 0.722793 0.121150 0.098563
0 0.737166 0.785421 0.133470 0.084189
0 0.575975 0.905544 0.106776 0.094456
0 0.739220 0.897331 0.104723 0.069815
0 0.801848 0.952772 0.098563 0.094456
0 0.984086 0.797741 0.031828 0.121150
0 0.931211 0.894251 0.102669 0.043121
0 0.895277 0.508214 0.100616 0.071869
0 0.685832 0.429158 0.108830 0.102669
0 0.595483 0.580082 0.170431 0.071869
0 0.495013 0.371810 0.105603 0.101203
0 0.379143 0.211939 0.117336 0.110003
0 0.332209 0.051335 0.090936 0.102669
0 0.484746 0.066735 0.090936 0.121737
0 0.592549 0.162071 0.110003 0.089469
0 0.599149 0.319742 0.114403 0.064535
0 0.618950 0.267674 0.080669 0.080669
0 0.735553 0.222939 0.090936 0.096803
0 0.715019 0.132737 0.067468 0.086536
0 0.770754 0.027134 0.032268 0.054268
0 0.656351 0.034468 0.020534 0.068935
0 0.797155 0.326342 0.111470 0.101203
0 0.831622 0.394544 0.086536 0.099736
0 0.955559 0.372543 0.076269 0.052801
0 0.908624 0.288208 0.088002 0.098269
0 0.940158 0.226606 0.080669 0.066002
0 0.876357 0.223673 0.038134 0.066002
0 0.842622 0.106336 0.093869 0.110003
0 0.957759 0.032268 0.060135 0.064535