0 0.054415 0.190965 0.082136 0.139630
0 0.107803 0.314168 0.094456 0.160164
0 0.037474 0.452772 0.074948 0.125257
0 0.052361 0.574949 0.094456 0.110883
0 0.048768 0.861396 0.097536 0.063655
0 0.123203 0.726899 0.047228 0.114990
0 0.198152 0.803901 0.090349 0.121150
0 0.267967 0.922998 0.106776 0.067762
0 0.373717 0.859343 0.100616 0.067762
0 0.368583 0.812115 0.069815 0.080082
0 0.335729 0.735113 0.127310 0.082136
0 0.275154 0.669405 0.084189 0.069815
0 0.231006 0.595483 0.082136 0.061602
0 0.196099 0.532854 0.143737 0.080082
0 0.164271 0.446612 0.092402 0.088296
0 0.645791 0.985626 0.032854 0.028747
0 0.604723 0.902464 0.119097 0.063655
0 0.520534 0.776181 0.131417 0.082136
0 0.456879 0.690965 0.156057 0.112936
0 0.454825 0.619097 0.123203 0.092402
0 0.325462 0.454825 0.188912 0.075975
0 0.283368 0.326489 0.108830 0.151951
0 0.361396 0.211499 0.080082 0.102669
0 0.493840 0.445585 0.073922 0.073922
0 0.583162 0.616016 0.092402 0.127310
0 0.710472 0.850103 0.104723 0.135524
0 0.775154 0.941478 0.160164 0.092402
0 0.661191 0.095483 0.071869 0.075975
0 0.878850 0.526694 0.055441 0.075975
0 0.834702 0.456879 0.123203 0.088296
0 0.720739 0.543121 0.063655 0.080082
0 0.759754 0.617043 0.059548 0.108830
0 0.803901 0.323409 0.086242 0.096509
0 0.743326 0.235113 0.104723 0.117043
0 0.702259 0.156057 0.117043 0.106776