0 0.025154 0.167351 0.050308 0.100616
0 0.011807 0.386037 0.023614 0.073922
0 0.076607 0.567051 0.097931 0.110567
0 0.163481 0.694993 0.107408 0.101090
0 0.196651 0.771600 0.107408 0.042647
0 0.387774 0.818196 0.101090 0.129521
0 0.263781 0.585216 0.115306 0.080556
0 0.190333 0.432001 0.082136 0.105828
0 0.075817 0.259833 0.083715 0.045806
0 0.266151 0.328542 0.088454 0.078976
0 0.334070 0.385405 0.107408 0.085295
0 0.374348 0.458853 0.112147 0.080556
0 0.429632 0.539409 0.143737 0.071079
0 0.453325 0.640499 0.077397 0.071079
0 0.300111 0.664982 0.067920 0.050545
0 0.558364 0.783447 0.078976 0.037909
0 0.612068 0.570210 0.132680 0.072658
0 0.635761 0.646817 0.107408 0.115306
0 0.796873 0.691044 0.072658 0.083715
0 0.766072 0.638130 0.083715 0.082136
0 0.754225 0.542568 0.072658 0.058443
0 0.552045 0.450956 0.132680 0.090033
0 0.409888 0.320644 0.082136 0.066340
0 0.437530 0.244037 0.112147 0.058443
0 0.537830 0.159532 0.120044 0.094772
0 0.627863 0.323804 0.072658 0.082136
0 0.820565 0.443058 0.135840 0.071079
0 0.909809 0.574949 0.080556 0.101090
0 0.959564 0.636550 0.047386 0.104249
0 0.993208 0.779498 0.013584 0.108988
0 0.746328 0.920076 0.097931 0.080556
0 0.791344 0.325383 0.118465 0.120044
0 0.788975 0.237719 0.078976 0.086874
0 0.685516 0.115306 0.134260 0.110567
0 0.824514 0.033170 0.156373 0.066340
0 0.863213 0.101090 0.126362 0.094772
0 0.921655 0.184015 0.148476 0.112147
0 0.943769 0.272469 0.069499 0.096351
0 0.967462 0.395672 0.056863 0.108988