0 0.040041 0.785421 0.078029 0.190965
0 0.131417 0.953799 0.092402 0.067762
0 0.200205 0.775154 0.114990 0.088296
0 0.150924 0.668378 0.119097 0.084189
0 0.118070 0.591376 0.086242 0.094456
0 0.090349 0.278234 0.133470 0.096509
0 0.057495 0.166324 0.051335 0.045175
0 0.294661 0.303901 0.131417 0.053388
0 0.216632 0.519507 0.106776 0.065708
0 0.264887 0.573922 0.108830 0.071869
0 0.311088 0.649897 0.119097 0.063655
0 0.385010 0.724846 0.131417 0.139630
0 0.371663 0.829569 0.112936 0.147844
0 0.460986 0.938398 0.156057 0.106776
0 0.303901 0.964066 0.043121 0.071868
0 0.515400 0.816222 0.100616 0.129363
0 0.360370 0.437372 0.172485 0.123203
0 0.295688 0.017454 0.149897 0.034908
0 0.309035 0.087269 0.106776 0.055441
0 0.370637 0.148871 0.090349 0.084189
0 0.409651 0.250513 0.094456 0.131417
0 0.513347 0.368583 0.084189 0.133470
0 0.543121 0.448665 0.090349 0.100616
0 0.566735 0.546201 0.063655 0.086242
0 0.668378 0.708419 0.078029 0.094456
0 0.631417 0.876797 0.123203 0.069815
0 0.726899 0.808008 0.133470 0.096509
0 0.752567 0.898357 0.102669 0.145791
0 0.908624 0.775154 0.114990 0.162218
0 0.764887 0.605749 0.065708 0.102669
0 0.647844 0.324435 0.123203 0.106776
0 0.537988 0.253593 0.112936 0.096509
0 0.529774 0.122177 0.108830 0.092402
0 0.632444 0.050308 0.121150 0.092402
0 0.889117 0.206366 0.092402 0.121150
0 0.956366 0.375770 0.087268 0.094456
0 0.943018 0.545175 0.113963 0.067762
0 0.808008 0.080082 0.069815 0.032854
0 0.770021 0.043121 0.080082 0.065708
0 0.971693 0.130537 0.044001 0.120270