0 0.112936 0.934292 0.071869 0.110883
0 0.022074 0.781314 0.044148 0.092402
0 0.092402 0.553388 0.125257 0.092402
0 0.195072 0.766940 0.141684 0.125257
0 0.263860 0.568789 0.098563 0.119097
0 0.318275 0.335729 0.112936 0.145791
0 0.361396 0.475359 0.092402 0.133470
0 0.421971 0.633470 0.090349 0.112936
0 0.739220 0.975359 0.055441 0.049281
0 0.688912 0.481520 0.094456 0.117043
0 0.147686 0.057653 0.069499 0.115306
0 0.041463 0.067920 0.082925 0.135840
0 0.119254 0.316696 0.078976 0.096351
0 0.225873 0.180856 0.115306 0.071079
0 0.528353 0.120834 0.123203 0.083715
0 0.455694 0.033960 0.078976 0.064761
0 0.618386 0.022113 0.066340 0.044226
0 0.758174 0.279577 0.080556 0.097931
0 0.917707 0.275628 0.118465 0.099510
0 0.932712 0.335650 0.110567 0.127942
0 0.978992 0.066340 0.042015 0.072658
0 0.923235 0.020534 0.050545 0.041068
0 0.970621 0.131891 0.037909 0.048965
0 0.761333 0.012636 0.071079 0.025272
0 0.851366 0.461223 0.061602 0.069499
0 0.974254 0.468330 0.051492 0.086874
0 0.969515 0.739220 0.060970 0.060022
0 0.978992 0.983336 0.042015 0.033328