0 0.280287 0.026694 0.119097 0.053388
0 0.123203 0.029774 0.071869 0.059548
0 0.051848 0.100616 0.103696 0.061602
0 0.020021 0.299795 0.040041 0.110883
0 0.041581 0.474333 0.083162 0.147844
0 0.104723 0.614990 0.108830 0.080082
0 0.204312 0.798768 0.082136 0.057495
0 0.165298 0.748460 0.053388 0.080082
0 0.046201 0.834702 0.073922 0.088296
0 0.108830 0.948665 0.121150 0.102669
0 0.249487 0.872690 0.106776 0.114990
0 0.286448 0.623203 0.061602 0.117043
0 0.337782 0.464066 0.188912 0.073922
0 0.194045 0.475359 0.086242 0.063655
0 0.375770 0.525667 0.149897 0.061602
0 0.447639 0.608830 0.063655 0.059548
0 0.624230 0.666324 0.080082 0.088296
0 0.680698 0.747433 0.102669 0.069815
0 0.742300 0.841889 0.135524 0.147844
0 0.936858 0.833676 0.126283 0.143737
0 0.943018 0.952772 0.113963 0.094456
0 0.857290 0.727926 0.086242 0.084189
0 0.723819 0.572895 0.135524 0.061602
0 0.723819 0.484600 0.090349 0.106776
0 0.654004 0.374743 0.098563 0.125257
0 0.789528 0.366530 0.065708 0.067762
0 0.835729 0.379877 0.080082 0.098563
0 0.947125 0.439425 0.105749 0.090349
0 0.616016 0.295688 0.141684 0.086242
0 0.759754 0.229979 0.112936 0.110883
0 0.532854 0.131417 0.172485 0.127310
0 0.410678 0.267967 0.108830 0.092402
0 0.214579 0.209446 0.110883 0.094456
0 0.281314 0.277207 0.108830 0.098563
0 0.292608 0.361396 0.131417 0.065708
0 0.819302 0.023614 0.129363 0.047228
0 0.470226 0.036961 0.084189 0.065708
0 0.863450 0.117043 0.082136 0.082136
0 0.943532 0.244353 0.078029 0.049281
0 0.935318 0.285421 0.110883 0.078029