0 0.066735 0.936345 0.131417 0.086242
0 0.031314 0.693018 0.062628 0.088296
0 0.086242 0.597536 0.088296 0.102669
0 0.705339 0.879877 0.098563 0.170431
0 0.570842 0.687885 0.121150 0.073922
0 0.623203 0.728953 0.119097 0.049281
0 0.932238 0.620123 0.112936 0.094456
0 0.931211 0.708419 0.065708 0.086242
0 0.887064 0.540041 0.067762 0.090349
0 0.447639 0.331622 0.092402 0.108830
0 0.683778 0.116016 0.084189 0.141684
0 0.761807 0.082136 0.096509 0.098563
0 0.917864 0.042094 0.104723 0.084188
0 0.859343 0.202259 0.086242 0.108830
0 0.712526 0.207392 0.117043 0.065708
0 0.768994 0.394251 0.086242 0.123203
0 0.172958 0.425683 0.078976 0.105828
0 0.091613 0.040278 0.080556 0.080556
0 0.019349 0.116885 0.038698 0.104249
0 0.986890 0.848997 0.026220 0.074238