0 0.029261 0.871663 0.058522 0.112936
0 0.157084 0.736140 0.106776 0.100616
0 0.187885 0.811088 0.086242 0.119097
0 0.252567 0.959959 0.096509 0.080082
0 0.442505 0.964066 0.139630 0.071868
0 0.286448 0.845996 0.078029 0.114990
0 0.412731 0.666324 0.125257 0.100616
0 0.199179 0.483573 0.100616 0.162218
0 0.120123 0.286448 0.078029 0.084189
0 0.028747 0.294661 0.043121 0.092402
0 0.061602 0.225873 0.104723 0.094456
0 0.127310 0.081109 0.084189 0.129363
0 0.169405 0.181725 0.106776 0.108830
0 0.337782 0.485626 0.114990 0.133470
0 0.556468 0.281314 0.117043 0.127310
0 0.593429 0.609856 0.108830 0.082136
0 0.611910 0.682752 0.145791 0.100616
0 0.909651 0.660164 0.071869 0.141684
0 0.854209 0.773101 0.080082 0.108830
0 0.761807 0.400411 0.121150 0.057495
0 0.705339 0.316222 0.143737 0.078029
0 0.955852 0.068789 0.061602 0.096509
0 0.297741 0.365332 0.056468 0.049624
0 0.278063 0.068446 0.136893 0.088980
0 0.770021 0.697296 0.080424 0.135181
0 0.800821 0.578371 0.073580 0.061602