0 0.179671 0.904517 0.094456 0.084189
0 0.055441 0.874743 0.104723 0.102669
0 0.101643 0.573922 0.086242 0.108830
0 0.039528 0.693018 0.079055 0.067762
0 0.246407 0.714579 0.075975 0.053388
0 0.282341 0.776181 0.094456 0.094456
0 0.367556 0.900411 0.104723 0.075975
0 0.484600 0.742300 0.100616 0.108830
0 0.357290 0.661191 0.088296 0.123203
0 0.282341 0.553388 0.073922 0.096509
0 0.225873 0.500000 0.059548 0.100616
0 0.170431 0.445585 0.084189 0.094456
0 0.083162 0.306982 0.135524 0.117043
0 0.350103 0.171458 0.123203 0.117043
0 0.421971 0.459959 0.114990 0.151951
0 0.610883 0.659138 0.069815 0.082136
0 0.637577 0.743326 0.139630 0.114990
0 0.859343 0.949692 0.078029 0.100616
0 0.924025 0.792608 0.075975 0.094456
0 0.916838 0.646817 0.041068 0.127310
0 0.961499 0.673511 0.077002 0.106776
0 0.984086 0.480493 0.031828 0.110883
0 0.852156 0.527721 0.080082 0.139630
0 0.691992 0.542094 0.096509 0.094456
0 0.733060 0.431211 0.092402 0.061602
0 0.606776 0.255647 0.078029 0.080082
0 0.648871 0.313142 0.112936 0.051335
0 0.572895 0.443532 0.084189 0.090349
0 0.643737 0.094456 0.119097 0.049281
0 0.691992 0.165298 0.154004 0.084189
0 0.910678 0.357290 0.090349 0.139630
0 0.766940 0.212526 0.078029 0.104723
0 0.896304 0.167351 0.119097 0.067762
0 0.964579 0.223819 0.070842 0.098563
0 0.841889 0.100616 0.096509 0.098563
0 0.455852 0.080082 0.092402 0.082136
0 0.229979 0.021561 0.067762 0.039014
0 0.183778 0.228953 0.057495 0.104723
0 0.047741 0.442505 0.095482 0.030801