0 0.037988 0.663244 0.049281 0.119097
0 0.342916 0.778234 0.117043 0.045175
0 0.547228 0.791581 0.102669 0.059548
0 0.670431 0.719713 0.131417 0.051335
0 0.702259 0.773101 0.108830 0.051335
0 0.219713 0.868583 0.104723 0.049281
0 0.124230 0.368583 0.082136 0.100616
0 0.209446 0.427105 0.100616 0.069815
0 0.302875 0.517454 0.131417 0.086242
0 0.471253 0.693018 0.143737 0.092402
0 0.264887 0.693018 0.088296 0.059548
0 0.116016 0.748460 0.073922 0.080082
0 0.041581 0.221766 0.083162 0.119097
0 0.097536 0.063655 0.102669 0.114990
0 0.203285 0.185832 0.096509 0.059548
0 0.287474 0.274127 0.137577 0.104723
0 0.478439 0.283368 0.043121 0.082136
0 0.786448 0.602669 0.096509 0.133470
0 0.571869 0.605749 0.151951 0.094456
0 0.952259 0.802875 0.095482 0.098563
0 0.938398 0.954825 0.117043 0.090349
0 0.509240 0.361396 0.047228 0.069815
0 0.364476 0.374743 0.119097 0.067762
0 0.711499 0.366530 0.073922 0.088296
0 0.867556 0.273101 0.078029 0.094456
0 0.746407 0.144764 0.078029 0.071869
0 0.672485 0.062628 0.069815 0.051335
0 0.591376 0.190965 0.170431 0.180698
0 0.267967 0.052361 0.127310 0.104722
0 0.370637 0.620123 0.102669 0.073922
0 0.957392 0.204312 0.085216 0.104723
0 0.895277 0.097536 0.088296 0.088296