0 0.047228 0.963039 0.080082 0.073922
0 0.263860 0.832649 0.098563 0.088296
0 0.490760 0.899384 0.117043 0.094456
0 0.636550 0.848049 0.137577 0.123203
0 0.859343 0.666324 0.119097 0.129363
0 0.827515 0.851129 0.084189 0.071869
0 0.880903 0.886037 0.100616 0.092402
0 0.963552 0.817248 0.072895 0.090349
0 0.969713 0.570842 0.060574 0.114990
0 0.885010 0.446612 0.059548 0.075975
0 0.910678 0.501027 0.090349 0.057495
0 0.808008 0.426078 0.090349 0.112936
0 0.739220 0.286448 0.096509 0.112936
0 0.833676 0.169405 0.137577 0.084189
0 0.939938 0.070842 0.120123 0.108830
0 0.923511 0.299795 0.152977 0.131417
0 0.699179 0.043121 0.106776 0.086242
0 0.513347 0.035934 0.112936 0.071868
0 0.633470 0.173511 0.094456 0.096509
0 0.508214 0.241273 0.110883 0.071869
0 0.558522 0.314168 0.100616 0.090349
0 0.358316 0.286448 0.110883 0.084189
0 0.438398 0.352156 0.123203 0.080082
0 0.601643 0.554415 0.117043 0.065708
0 0.652977 0.619097 0.129363 0.108830
0 0.509240 0.707392 0.096509 0.067762
0 0.344969 0.704312 0.100616 0.131417
0 0.291581 0.482546 0.088296 0.139630
0 0.255647 0.361396 0.082136 0.110883
0 0.179671 0.333676 0.078029 0.059548
0 0.111910 0.433265 0.119097 0.090349
0 0.144764 0.520534 0.106776 0.104723
0 0.070842 0.634497 0.082136 0.090349
0 0.175565 0.065708 0.184805 0.114990
0 0.089322 0.179671 0.102669 0.067762
0 0.394251 0.525667 0.080082 0.082136
0 0.428131 0.599589 0.090349 0.057495
0 0.791581 0.756674 0.110883 0.071869
0 0.262834 0.245380 0.047228 0.075975
0 0.740246 0.105749 0.094456 0.096509