0 0.038501 0.768994 0.077002 0.100616
0 0.033368 0.494867 0.066735 0.123203
0 0.157084 0.232033 0.127310 0.143737
0 0.042094 0.303901 0.069815 0.110883
0 0.094456 0.607803 0.117043 0.156057
0 0.169405 0.695072 0.131417 0.084189
0 0.256674 0.762834 0.112936 0.084189
0 0.316222 0.813142 0.133470 0.086242
0 0.369610 0.893224 0.112936 0.135524
0 0.441478 0.781314 0.154004 0.104723
0 0.331622 0.586242 0.082136 0.125257
0 0.261807 0.551335 0.102669 0.141684
0 0.305955 0.627310 0.088296 0.104723
0 0.326489 0.392197 0.141684 0.078029
0 0.374743 0.464066 0.114990 0.065708
0 0.472279 0.587269 0.080082 0.049281
0 0.646817 0.582136 0.112936 0.075975
0 0.838809 0.773101 0.110883 0.084189
0 0.793634 0.938398 0.102669 0.110883
0 0.826489 0.531828 0.082136 0.090349
0 0.868583 0.613963 0.141684 0.065708
0 0.867556 0.388090 0.102669 0.086242
0 0.950719 0.485626 0.075975 0.104723
0 0.668378 0.349076 0.114990 0.102669
0 0.530801 0.465092 0.123203 0.100616
0 0.437372 0.361396 0.084189 0.090349
0 0.544148 0.247433 0.108830 0.096509
0 0.628337 0.080082 0.071869 0.078029
0 0.784394 0.107803 0.088296 0.096509
0 0.962526 0.063655 0.074948 0.086242
0 0.724846 0.239220 0.100616 0.063655
0 0.376797 0.048255 0.065708 0.096509
0 0.520534 0.016427 0.069815 0.032854