0 0.098563 0.893224 0.137577 0.123203
0 0.100616 0.733060 0.080082 0.114990
0 0.178645 0.830595 0.080082 0.088296
0 0.233060 0.661191 0.110883 0.069815
0 0.248460 0.723819 0.125257 0.104723
0 0.303901 0.776181 0.059548 0.110883
0 0.404517 0.616016 0.084189 0.082136
0 0.393224 0.690965 0.114990 0.129363
0 0.370637 0.767967 0.098563 0.110883
0 0.466119 0.920945 0.092402 0.125257
0 0.347023 0.975359 0.125257 0.049281
0 0.596509 0.835729 0.073922 0.082136
0 0.606776 0.868583 0.102669 0.049281
0 0.693018 0.943532 0.098563 0.055441
0 0.786448 0.851129 0.071869 0.080082
0 0.838809 0.829569 0.069815 0.090349
0 0.907598 0.752567 0.092402 0.100616
0 0.954825 0.811088 0.067762 0.090349
0 0.925051 0.964066 0.114990 0.071868
0 0.810062 0.639630 0.090349 0.051335
0 0.802875 0.695072 0.071869 0.080082
0 0.526694 0.727926 0.098563 0.084189
0 0.293634 0.535934 0.104723 0.073922
0 0.086242 0.523614 0.075975 0.057495
0 0.500000 0.529774 0.094456 0.119097
0 0.621150 0.444559 0.127310 0.133470
0 0.675565 0.263860 0.071869 0.055441
0 0.787474 0.404517 0.106776 0.106776
0 0.910678 0.283368 0.147844 0.086242
0 0.866530 0.445585 0.133470 0.078029
0 0.890144 0.519507 0.094456 0.119097
0 0.703285 0.533881 0.143737 0.110883
0 0.438398 0.207392 0.147844 0.143737
0 0.691992 0.068789 0.063655 0.059548
0 0.735113 0.119097 0.125257 0.098563
0 0.856263 0.044148 0.104723 0.088296
0 0.451745 0.030801 0.125257 0.061602
0 0.557495 0.133470 0.114990 0.102669
0 0.247433 0.040041 0.106776 0.080082
0 0.061602 0.266940 0.084189 0.086242
0 0.224846 0.471253 0.065708 0.080082