0 0.032341 0.844969 0.064682 0.141684
0 0.095483 0.917864 0.139630 0.090349
0 0.173511 0.957906 0.131417 0.067762
0 0.051848 0.475359 0.103696 0.112936
0 0.123203 0.267967 0.129363 0.121150
0 0.062628 0.049281 0.086242 0.098562
0 0.162218 0.127310 0.080082 0.119097
0 0.234086 0.204312 0.071869 0.100616
0 0.283368 0.282341 0.108830 0.112936
0 0.368583 0.405544 0.102669 0.141684
0 0.358316 0.644764 0.102669 0.151951
0 0.379877 0.798768 0.071869 0.082136
0 0.433265 0.908624 0.080082 0.096509
0 0.525667 0.957906 0.071869 0.084188
0 0.796715 0.904517 0.096509 0.100616
0 0.632444 0.676591 0.133470 0.080082
0 0.508214 0.596509 0.102669 0.092402
0 0.650924 0.484600 0.121150 0.102669
0 0.560575 0.376797 0.071869 0.088296
0 0.471253 0.283368 0.123203 0.090349
0 0.382957 0.211499 0.164271 0.094456
0 0.296715 0.108830 0.147844 0.069815
0 0.247433 0.047228 0.106776 0.094456
0 0.432238 0.052361 0.131417 0.096509
0 0.551335 0.165298 0.102669 0.092402
0 0.628337 0.242300 0.104723 0.098563
0 0.699179 0.348049 0.123203 0.104723
0 0.827515 0.448665 0.117043 0.080082
0 0.866530 0.515400 0.092402 0.106776
0 0.964066 0.612936 0.053388 0.080082
0 0.849076 0.725873 0.119097 0.088296
0 0.676591 0.739220 0.057495 0.090349
0 0.718686 0.090349 0.137577 0.086242
0 0.760780 0.198152 0.123203 0.059548
0 0.898357 0.164271 0.049281 0.090349
0 0.974846 0.171458 0.050308 0.117043
0 0.291581 0.727926 0.075975 0.067762
0 0.927691 0.354943 0.082136 0.070402
0 0.982180 0.429745 0.035640 0.061602
0 0.858756 0.026401 0.085069 0.052801
0 0.620417 0.013934 0.086536 0.027867
0 0.442945 0.423145 0.118803 0.095336