0 0.030287 0.199179 0.060574 0.110883
0 0.106776 0.263860 0.141684 0.137577
0 0.038501 0.421971 0.077002 0.112936
0 0.129363 0.481520 0.071869 0.063655
0 0.180698 0.606776 0.121150 0.100616
0 0.093429 0.670431 0.127310 0.059548
0 0.173511 0.812115 0.131417 0.100616
0 0.040041 0.879877 0.053388 0.117043
0 0.144764 0.969199 0.094456 0.061602
0 0.290554 0.887064 0.094456 0.123203
0 0.268994 0.654004 0.100616 0.104723
0 0.320329 0.738193 0.121150 0.080082
0 0.278234 0.483573 0.094456 0.051335
0 0.187885 0.362423 0.073922 0.055441
0 0.064168 0.025667 0.128336 0.051334
0 0.197125 0.169405 0.075975 0.080082
0 0.250513 0.227926 0.080082 0.090349
0 0.374743 0.373717 0.110883 0.086242
0 0.349076 0.330595 0.084189 0.078029
0 0.428131 0.459959 0.123203 0.131417
0 0.569815 0.555441 0.078029 0.117043
0 0.633470 0.633470 0.082136 0.100616
0 0.505133 0.805955 0.067762 0.133470
0 0.375770 0.835729 0.096509 0.131417
0 0.458932 0.869610 0.090349 0.092402
0 0.501027 0.950719 0.075975 0.082136
0 0.632444 0.828542 0.100616 0.158111
0 0.699179 0.922998 0.086242 0.104723
0 0.927105 0.775154 0.094456 0.104723
0 0.848049 0.898357 0.080082 0.080082
0 0.758727 0.789528 0.102669 0.092402
0 0.748460 0.556468 0.102669 0.094456
0 0.829569 0.634497 0.108830 0.098563
0 0.616016 0.411704 0.096509 0.080082
0 0.674538 0.465092 0.106776 0.112936
0 0.528747 0.311088 0.114990 0.108830
0 0.470226 0.251540 0.104723 0.100616
0 0.397331 0.165298 0.106776 0.112936
0 0.313142 0.064682 0.082136 0.084189
0 0.478439 0.049281 0.145791 0.082136
0 0.605749 0.152977 0.117043 0.100616
0 0.661191 0.221766 0.096509 0.094456
0 0.820329 0.401437 0.123203 0.100616
0 0.938398 0.488706 0.104723 0.119097
0 0.893224 0.309035 0.071869 0.084189
0 0.968686 0.419918 0.062628 0.100616
0 0.830595 0.231006 0.082136 0.084189
0 0.771047 0.152977 0.110883 0.096509
0 0.664271 0.049281 0.139630 0.094456
0 0.954312 0.122177 0.091376 0.112936
0 0.862423 0.047228 0.039014 0.094456