0 0.106776 0.763860 0.092402 0.082136
0 0.133470 0.839836 0.117043 0.082136
0 0.051335 0.960986 0.080082 0.069815
0 0.261807 0.751540 0.213552 0.127310
0 0.339836 0.888090 0.168378 0.067762
0 0.359343 0.974333 0.108830 0.051334
0 0.547228 0.673511 0.102669 0.098563
0 0.444559 0.691992 0.102669 0.061602
0 0.276181 0.486653 0.139630 0.131417
0 0.178645 0.557495 0.104723 0.071869
0 0.214579 0.616016 0.139630 0.069815
0 0.045688 0.649897 0.091376 0.112936
0 0.109856 0.464066 0.102669 0.098563
0 0.039528 0.323409 0.079055 0.112936
0 0.124230 0.085216 0.102669 0.051335
0 0.143737 0.145791 0.121150 0.065708
0 0.188912 0.240246 0.121150 0.119097
0 0.174538 0.316222 0.141684 0.102669
0 0.301848 0.183778 0.096509 0.100616
0 0.341889 0.029774 0.110883 0.059548
0 0.453799 0.133470 0.092402 0.078029
0 0.487680 0.516427 0.131417 0.117043
0 0.381930 0.258727 0.071869 0.086242
0 0.567762 0.401437 0.119097 0.080082
0 0.622177 0.467146 0.112936 0.051335
0 0.682752 0.554415 0.102669 0.119097
0 0.589322 0.745380 0.108830 0.094456
0 0.617043 0.798768 0.119097 0.090349
0 0.651951 0.869610 0.073922 0.112936
0 0.558522 0.951745 0.055441 0.088296
0 0.689938 0.952772 0.075975 0.086242
0 0.710472 0.680698 0.063655 0.080082
0 0.777207 0.735113 0.073922 0.057495
0 0.821355 0.871663 0.108830 0.096509
0 0.967659 0.775154 0.064682 0.088296
0 0.978439 0.911704 0.028747 0.069815
0 0.753593 0.460986 0.129363 0.080082
0 0.704312 0.370637 0.075975 0.075975
0 0.613963 0.220739 0.112936 0.063655
0 0.509240 0.303901 0.129363 0.078029
0 0.583162 0.048255 0.096509 0.096509
0 0.941478 0.140657 0.114990 0.075975
0 0.939938 0.352156 0.120123 0.084189
0 0.922998 0.421971 0.127310 0.112936
0 0.926078 0.502053 0.096509 0.088296
0 0.883984 0.647844 0.094456 0.084189
0 0.966119 0.583162 0.057495 0.078029
0 0.759754 0.037988 0.059548 0.075975