0 0.176591 0.939425 0.063655 0.047228
0 0.201232 0.976386 0.067762 0.047228
0 0.254620 0.948665 0.051335 0.049281
0 0.277207 0.985626 0.096509 0.028747
0 0.247433 0.797741 0.057495 0.080082
0 0.325462 0.835729 0.078029 0.073922
0 0.311088 0.885010 0.045175 0.073922
0 0.396304 0.901437 0.096509 0.057495
0 0.504107 0.967146 0.073922 0.065708
0 0.453799 0.937372 0.067762 0.071869
0 0.661191 0.924025 0.063655 0.057495
0 0.618070 0.849076 0.071869 0.071869
0 0.602669 0.892197 0.041068 0.059548
0 0.523614 0.781314 0.051335 0.055441
0 0.467146 0.751540 0.082136 0.078029
0 0.797741 0.972279 0.061602 0.055441
0 0.951745 0.913758 0.065708 0.041068
0 0.909651 0.880903 0.088296 0.082136
0 0.824435 0.808008 0.078029 0.063655
0 0.731006 0.757700 0.100616 0.082136
0 0.663244 0.662218 0.059548 0.051335
0 0.591376 0.661191 0.043121 0.106776
0 0.563655 0.619097 0.065708 0.075975
0 0.917864 0.721766 0.071869 0.080082
0 0.845996 0.643737 0.047228 0.043121
0 0.823409 0.611910 0.067762 0.049281
0 0.813142 0.554415 0.067762 0.061602
0 0.753593 0.567762 0.051335 0.063655
0 0.740246 0.532854 0.049281 0.067762
0 0.694045 0.501027 0.051335 0.065708
0 0.638604 0.508214 0.063655 0.039014
0 0.640657 0.466119 0.051335 0.049281
0 0.599589 0.494867 0.071869 0.082136
0 0.592402 0.413758 0.049281 0.055441
0 0.676591 0.267967 0.057495 0.055441
0 0.724846 0.323409 0.084189 0.055441
0 0.800821 0.352156 0.034908 0.055441
0 0.753593 0.376797 0.067762 0.059548
0 0.892197 0.453799 0.053388 0.069815
0 0.815195 0.223819 0.063655 0.082136
0 0.866530 0.223819 0.067762 0.049281
0 0.880903 0.279261 0.043121 0.069815
0 0.969199 0.282341 0.043121 0.059548
0 0.941478 0.319302 0.053388 0.047228
0 0.984086 0.349076 0.031828 0.069815