0 0.062628 0.972279 0.082136 0.055441
0 0.033368 0.951745 0.066735 0.088296
0 0.085216 0.796715 0.065708 0.065708
0 0.109856 0.823409 0.073922 0.057495
0 0.127310 0.852156 0.084189 0.057495
0 0.187885 0.863450 0.082136 0.084189
0 0.231006 0.881930 0.065708 0.063655
0 0.257700 0.933265 0.110883 0.055441
0 0.288501 0.967146 0.073922 0.065708
0 0.541068 0.957906 0.098563 0.084188
0 0.605749 0.982546 0.080082 0.034908
0 0.839836 0.978439 0.075975 0.043121
0 0.758727 0.960986 0.098563 0.078028
0 0.763860 0.903491 0.067762 0.061602
0 0.715606 0.902464 0.082136 0.067762
0 0.696099 0.831622 0.063655 0.078029
0 0.610883 0.830595 0.061602 0.055441
0 0.584189 0.804928 0.069815 0.057495
0 0.517454 0.748460 0.063655 0.092402
0 0.490760 0.689938 0.088296 0.069815
0 0.437372 0.636550 0.084189 0.069815
0 0.375770 0.811088 0.047228 0.045175
0 0.333676 0.778234 0.069815 0.098563
0 0.291581 0.745380 0.071869 0.053388
0 0.180698 0.676591 0.129363 0.055441
0 0.972793 0.901437 0.054414 0.041068
0 0.979979 0.974333 0.040041 0.051334
0 0.920945 0.851129 0.045175 0.055441
0 0.872690 0.825462 0.067762 0.094456
0 0.841889 0.784394 0.051335 0.057495
0 0.756674 0.726899 0.041068 0.057495
0 0.687885 0.641684 0.063655 0.047228
0 0.644764 0.629363 0.043121 0.051335
0 0.612936 0.591376 0.053388 0.069815
0 0.462012 0.479466 0.047228 0.043121
0 0.410678 0.407598 0.059548 0.051335
0 0.332649 0.407598 0.055441 0.096509
0 0.241273 0.322382 0.073922 0.061602
0 0.211499 0.299795 0.067762 0.045175
0 0.137577 0.272074 0.067762 0.059548
0 0.136550 0.185832 0.073922 0.088296
0 0.079055 0.178645 0.036961 0.028747
0 0.031314 0.140657 0.062628 0.059548
0 0.034394 0.334702 0.068788 0.065708
0 0.096509 0.428131 0.125257 0.112936
0 0.046201 0.372690 0.069815 0.080082
0 0.200205 0.504107 0.049281 0.071869
0 0.150924 0.494867 0.061602 0.078029
0 0.052875 0.546201 0.105749 0.061602
0 0.901437 0.618070 0.055441 0.049281
0 0.847023 0.598563 0.041068 0.047228
0 0.822382 0.558522 0.065708 0.049281
0 0.792608 0.540041 0.067762 0.057495
0 0.718686 0.482546 0.063655 0.073922
0 0.672485 0.432238 0.057495 0.063655
0 0.611910 0.397331 0.055441 0.063655
0 0.556468 0.363450 0.080082 0.061602
0 0.560575 0.303901 0.075975 0.078029
0 0.533881 0.258727 0.055441 0.061602
0 0.447639 0.314168 0.080082 0.057495
0 0.474333 0.285421 0.043121 0.061602
0 0.440452 0.271047 0.086242 0.049281
0 0.418891 0.228953 0.075975 0.063655
0 0.376797 0.245380 0.049281 0.047228
0 0.340862 0.202259 0.092402 0.071869
0 0.267967 0.113963 0.069815 0.043121
0 0.251540 0.142710 0.036961 0.039014
0 0.218686 0.088296 0.057495 0.057495
0 0.181725 0.051335 0.057495 0.065708
0 0.123203 0.020534 0.059548 0.041068
0 0.963039 0.452772 0.051335 0.043121
0 0.903491 0.403491 0.067762 0.075975
0 0.858316 0.382957 0.055441 0.059548
0 0.808008 0.337782 0.057495 0.055441
0 0.771047 0.306982 0.065708 0.080082
0 0.735113 0.282341 0.051335 0.047228
0 0.678645 0.220739 0.114990 0.067762
0 0.585216 0.162218 0.063655 0.061602
0 0.550308 0.112936 0.075975 0.073922
0 0.478439 0.054415 0.071869 0.059548
0 0.465092 0.105749 0.082136 0.075975
0 0.414784 0.069815 0.063655 0.061602
0 0.372690 0.037988 0.102669 0.075975
0 0.945585 0.253593 0.106776 0.104723
0 0.817248 0.124230 0.088296 0.092402
0 0.689938 0.042094 0.080082 0.084188
0 0.402464 0.849076 0.071869 0.047228