0 0.083162 0.975359 0.069815 0.049281
0 0.039014 0.953799 0.071869 0.067762
0 0.041068 0.902464 0.075975 0.067762
0 0.089322 0.786448 0.065708 0.094456
0 0.034394 0.740246 0.068788 0.092402
0 0.207392 0.839836 0.055441 0.049281
0 0.191992 0.892197 0.078029 0.071869
0 0.275154 0.882957 0.067762 0.082136
0 0.263860 0.924025 0.065708 0.069815
0 0.329569 0.937372 0.069815 0.055441
0 0.321355 0.973306 0.073922 0.041068
0 0.397331 0.978439 0.057495 0.043121
0 0.680698 0.984600 0.061602 0.030800
0 0.633470 0.958932 0.090349 0.065708
0 0.562628 0.948665 0.104723 0.061602
0 0.519507 0.898357 0.096509 0.067762
0 0.453799 0.839836 0.080082 0.086242
0 0.395277 0.805955 0.102669 0.096509
0 0.309035 0.740246 0.078029 0.088296
0 0.279261 0.682752 0.092402 0.071869
0 0.253593 0.749487 0.073922 0.073922
0 0.201232 0.655031 0.059548 0.082136
0 0.148871 0.633470 0.078029 0.055441
0 0.119097 0.591376 0.055441 0.073922
0 0.158111 0.679671 0.051335 0.069815
0 0.043121 0.503080 0.084189 0.106776
0 0.938398 0.981520 0.100616 0.036960
0 0.839836 0.927105 0.067762 0.071869
0 0.776181 0.886037 0.080082 0.067762
0 0.722793 0.862423 0.067762 0.061602
0 0.686858 0.822382 0.082136 0.084189
0 0.593429 0.776181 0.059548 0.061602
0 0.566735 0.713552 0.059548 0.055441
0 0.511636 0.728953 0.053046 0.068446
0 0.469713 0.670773 0.044490 0.044490
0 0.398700 0.588638 0.046201 0.044490
0 0.361054 0.559548 0.073580 0.041068
0 0.260096 0.491102 0.039357 0.078713
0 0.219028 0.456879 0.049624 0.061602
0 0.181383 0.432067 0.073580 0.053046
0 0.135181 0.380732 0.080424 0.094114
0 0.039357 0.315708 0.046201 0.077002
0 0.019251 0.292608 0.038501 0.085558
0 0.974418 0.864990 0.051164 0.035934
0 0.900068 0.805955 0.049624 0.047912
0 0.834189 0.737509 0.058179 0.054757
0 0.805099 0.709274 0.078713 0.077002
0 0.727242 0.658795 0.059890 0.075291
0 0.692163 0.616872 0.068446 0.066735
0 0.615161 0.589493 0.092402 0.090691
0 0.479124 0.471424 0.073580 0.094114
0 0.411533 0.384155 0.054757 0.039357
0 0.358487 0.325120 0.071869 0.061602
0 0.331964 0.362765 0.046201 0.051335
0 0.281485 0.279774 0.054757 0.039357
0 0.216461 0.240418 0.041068 0.039357
0 0.132615 0.171116 0.082136 0.078713
0 0.969285 0.675051 0.061430 0.049624
0 0.969370 0.631417 0.034223 0.054757
0 0.929158 0.605749 0.063313 0.068446
0 0.851300 0.530459 0.058179 0.054757
0 0.797399 0.518480 0.087269 0.061602
0 0.742642 0.454312 0.080424 0.104381
0 0.683607 0.409822 0.065024 0.032512
0 0.651095 0.370465 0.051335 0.053046
0 0.604894 0.311431 0.044490 0.041068
0 0.564682 0.282341 0.073580 0.047912
0 0.557837 0.332820 0.056468 0.066735
0 0.439767 0.204483 0.042779 0.046201
0 0.448323 0.172827 0.046201 0.041068
0 0.369610 0.159993 0.039357 0.063313
0 0.344798 0.138604 0.061602 0.058179
0 0.934292 0.406400 0.077002 0.087269
0 0.844456 0.343943 0.068446 0.054757
0 0.738364 0.263518 0.058179 0.068446
0 0.666496 0.185661 0.075291 0.066735
0 0.590349 0.145448 0.063313 0.047912
0 0.877823 0.173682 0.066735 0.056468
0 0.861567 0.140315 0.068446 0.044490
0 0.948836 0.211328 0.061602 0.070157