0 0.034394 0.039014 0.068788 0.069815
0 0.141684 0.148871 0.092402 0.055441
0 0.185832 0.191992 0.061602 0.063655
0 0.030287 0.221766 0.060574 0.078029
0 0.044148 0.277207 0.057495 0.061602
0 0.128337 0.316222 0.061602 0.061602
0 0.116016 0.359343 0.069815 0.041068
0 0.207392 0.387064 0.071869 0.071869
0 0.150924 0.403491 0.065708 0.071869
0 0.087269 0.509240 0.073922 0.065708
0 0.133470 0.542094 0.084189 0.061602
0 0.161191 0.582136 0.078029 0.075975
0 0.217659 0.632444 0.075975 0.053388
0 0.285421 0.662218 0.080082 0.067762
0 0.362423 0.721766 0.057495 0.055441
0 0.334702 0.765914 0.075975 0.065708
0 0.410678 0.748460 0.063655 0.063655
0 0.417864 0.800821 0.057495 0.061602
0 0.472279 0.816222 0.067762 0.055441
0 0.459959 0.865503 0.075975 0.063655
0 0.512320 0.876797 0.057495 0.049281
0 0.532854 0.921971 0.069815 0.045175
0 0.379877 0.973306 0.075975 0.053388
0 0.293634 0.890144 0.051335 0.059548
0 0.260780 0.875770 0.047228 0.043121
0 0.187885 0.808008 0.065708 0.047228
0 0.108830 0.745380 0.071869 0.073922
0 0.030287 0.665298 0.060574 0.086242
0 0.036961 0.863450 0.051335 0.059548
0 0.015914 0.852156 0.031828 0.057495
0 0.104723 0.943532 0.100616 0.084189
0 0.609856 0.963039 0.055441 0.073922
0 0.667351 0.973306 0.084189 0.053388
0 0.727926 0.976386 0.065708 0.047228
0 0.922998 0.956879 0.032854 0.078029
0 0.982033 0.973306 0.035934 0.053388
0 0.826489 0.883984 0.102669 0.039014
0 0.758727 0.832649 0.065708 0.080082
0 0.749487 0.885010 0.067762 0.061602
0 0.664271 0.793634 0.069815 0.125257
0 0.636550 0.796715 0.055441 0.041068
0 0.588296 0.757700 0.061602 0.049281
0 0.603696 0.794661 0.039014 0.053388
0 0.493840 0.676591 0.049281 0.055441
0 0.466119 0.644764 0.075975 0.053388
0 0.433265 0.578029 0.092402 0.084189
0 0.387064 0.555441 0.073922 0.075975
0 0.359343 0.493840 0.051335 0.051335
0 0.300821 0.506160 0.069815 0.075975
0 0.319302 0.447639 0.061602 0.073922
0 0.311088 0.321355 0.053388 0.067762
0 0.344969 0.331622 0.059548 0.059548
0 0.395277 0.342916 0.086242 0.094456
0 0.459959 0.398357 0.092402 0.094456
0 0.628337 0.518480 0.043121 0.055441
0 0.791581 0.646817 0.086242 0.041068
0 0.777207 0.685832 0.065708 0.078029
0 0.828542 0.674538 0.086242 0.055441
0 0.896304 0.722793 0.078029 0.065708
0 0.978953 0.789528 0.042094 0.063655
0 0.926078 0.577002 0.055441 0.065708
0 0.848049 0.505133 0.047228 0.073922
0 0.788501 0.462012 0.047228 0.061602
0 0.639630 0.349076 0.061602 0.069815
0 0.693018 0.334702 0.069815 0.053388
0 0.755647 0.425051 0.063655 0.065708
0 0.585216 0.288501 0.067762 0.047228
0 0.613963 0.328542 0.080082 0.073922
0 0.481520 0.207392 0.090349 0.082136
0 0.401437 0.149897 0.078029 0.057495
0 0.369610 0.097536 0.063655 0.071869
0 0.315195 0.095483 0.069815 0.075975
0 0.284394 0.039014 0.057495 0.057495
0 0.227926 0.039014 0.059548 0.078028
0 0.599589 0.100616 0.084189 0.102669
0 0.656057 0.149897 0.073922 0.073922
0 0.724846 0.202259 0.059548 0.071869
0 0.758727 0.239220 0.049281 0.055441
0 0.798768 0.268994 0.055441 0.078029
0 0.844969 0.301848 0.069815 0.069815
0 0.888090 0.333676 0.065708 0.051335
0 0.949692 0.379877 0.061602 0.057495
0 0.974846 0.415811 0.050308 0.063655
0 0.598563 0.567762 0.065708 0.039014
0 0.244353 0.224846 0.055441 0.055441
0 0.779261 0.033881 0.078029 0.067762
0 0.850103 0.100616 0.055441 0.078029
0 0.888090 0.122177 0.053388 0.055441
0 0.970739 0.226899 0.058522 0.051335
0 0.816222 0.718686 0.078029 0.065708