0 0.031314 0.055441 0.062628 0.073922
0 0.017967 0.021561 0.035934 0.043121
0 0.108830 0.086242 0.055441 0.049281
0 0.151951 0.147844 0.059548 0.049281
0 0.274127 0.212526 0.082136 0.080082
0 0.443532 0.159138 0.100616 0.092402
0 0.404517 0.319302 0.088296 0.088296
0 0.444559 0.348049 0.078029 0.063655
0 0.467146 0.403491 0.094456 0.088296
0 0.540041 0.420945 0.055441 0.073922
0 0.521561 0.470226 0.092402 0.073922
0 0.608830 0.486653 0.086242 0.106776
0 0.689938 0.512320 0.063655 0.051335
0 0.670431 0.551335 0.094456 0.055441
0 0.743326 0.565708 0.075975 0.075975
0 0.687885 0.596509 0.067762 0.071869
0 0.749487 0.639630 0.055441 0.067762
0 0.801848 0.623203 0.069815 0.080082
0 0.870637 0.702259 0.084189 0.082136
0 0.927105 0.718686 0.057495 0.073922
0 0.837782 0.804928 0.080082 0.069815
0 0.982033 0.795688 0.035934 0.084189
0 0.970226 0.602669 0.053388 0.051335
0 0.985113 0.568789 0.029774 0.053388
0 0.887064 0.503080 0.059548 0.045175
0 0.946612 0.542094 0.055441 0.065708
0 0.820329 0.454825 0.057495 0.051335
0 0.788501 0.420945 0.071869 0.053388
0 0.755647 0.401437 0.096509 0.059548
0 0.705339 0.348049 0.098563 0.063655
0 0.651951 0.303901 0.090349 0.065708
0 0.551335 0.246407 0.057495 0.069815
0 0.517454 0.265914 0.063655 0.059548
0 0.698152 0.176591 0.030801 0.041068
0 0.738193 0.187885 0.057495 0.043121
0 0.822382 0.249487 0.061602 0.067762
0 0.876797 0.276181 0.067762 0.051335
0 0.921971 0.304928 0.071869 0.055441
0 0.901437 0.350103 0.051335 0.055441
0 0.973306 0.349076 0.047228 0.069815
0 0.972793 0.410678 0.054414 0.065708
0 0.641684 0.704312 0.057495 0.073922
0 0.521561 0.634497 0.055441 0.053388
0 0.493840 0.594456 0.049281 0.059548
0 0.479466 0.570842 0.073922 0.065708
0 0.415811 0.555441 0.069815 0.063655
0 0.362423 0.481520 0.041068 0.071869
0 0.310062 0.465092 0.067762 0.063655
0 0.209446 0.387064 0.071869 0.063655
0 0.145791 0.329569 0.063655 0.063655
0 0.018994 0.231006 0.037988 0.059548
0 0.735113 0.977413 0.051335 0.045174
0 0.672485 0.955852 0.049281 0.075975
0 0.652977 0.902464 0.080082 0.063655
0 0.590349 0.880903 0.069815 0.094456
0 0.537988 0.870637 0.067762 0.049281
0 0.484600 0.818275 0.088296 0.059548
0 0.435318 0.759754 0.051335 0.086242
0 0.392197 0.724846 0.092402 0.082136
0 0.315195 0.678645 0.065708 0.071869
0 0.241273 0.584189 0.073922 0.063655
0 0.256674 0.645791 0.063655 0.092402
0 0.117043 0.525667 0.088296 0.078029
0 0.058522 0.463039 0.069815 0.055441
0 0.023101 0.440452 0.046201 0.100616
0 0.040041 0.679671 0.065708 0.053388
0 0.106776 0.699179 0.084189 0.063655
0 0.126283 0.758727 0.069815 0.071869
0 0.195072 0.758727 0.088296 0.059548
0 0.238193 0.814168 0.096509 0.059548
0 0.275154 0.839836 0.075975 0.053388
0 0.293634 0.875770 0.043121 0.067762
0 0.387064 0.915811 0.069815 0.086242
0 0.455852 0.930185 0.063655 0.036961
0 0.466119 0.973306 0.059548 0.053388
0 0.137577 0.942505 0.059548 0.053388