0 0.121150 0.284394 0.071869 0.063655
0 0.186858 0.290554 0.055441 0.047228
0 0.229979 0.363450 0.059548 0.032854
0 0.193018 0.329569 0.080082 0.055441
0 0.303901 0.224846 0.047228 0.039014
0 0.371663 0.238193 0.055441 0.061602
0 0.449692 0.315195 0.071869 0.034908
0 0.539014 0.148871 0.078029 0.067762
0 0.587269 0.150924 0.059548 0.055441
0 0.663244 0.081109 0.051335 0.055441
0 0.731006 0.081109 0.071869 0.075975
0 0.820329 0.141684 0.086242 0.057495
0 0.886037 0.027721 0.053388 0.055441
0 0.953799 0.053388 0.086242 0.086242
0 0.931211 0.246407 0.073922 0.053388
0 0.757700 0.278234 0.096509 0.051335
0 0.741273 0.324435 0.071869 0.061602
0 0.811088 0.389117 0.055441 0.075975
0 0.852156 0.424025 0.075975 0.108830
0 0.927105 0.473306 0.057495 0.051335
0 0.967659 0.522587 0.064682 0.063655
0 0.810062 0.567762 0.053388 0.088296
0 0.764887 0.563655 0.061602 0.051335
0 0.940452 0.655031 0.059548 0.053388
0 0.804928 0.761807 0.067762 0.069815
0 0.761807 0.750513 0.043121 0.096509
0 0.737166 0.703285 0.059548 0.051335
0 0.720739 0.748460 0.067762 0.059548
0 0.670431 0.659138 0.057495 0.098563
0 0.603696 0.643737 0.055441 0.063655
0 0.589322 0.593429 0.075975 0.061602
0 0.476386 0.571869 0.075975 0.075975
0 0.525667 0.600616 0.055441 0.067762
0 0.420945 0.476386 0.043121 0.065708
0 0.357290 0.433265 0.039014 0.053388
0 0.301848 0.410678 0.051335 0.069815
0 0.250513 0.379877 0.088296 0.041068
0 0.035421 0.403491 0.070842 0.084189
0 0.109856 0.474333 0.069815 0.057495
0 0.173511 0.508214 0.078029 0.080082
0 0.257700 0.552361 0.098563 0.082136
0 0.287474 0.597536 0.080082 0.069815
0 0.424025 0.704312 0.053388 0.073922
0 0.465092 0.722793 0.057495 0.053388
0 0.555441 0.826489 0.065708 0.059548
0 0.641684 0.877823 0.065708 0.055441
0 0.746407 0.934292 0.078029 0.102669
0 0.836756 0.986653 0.057495 0.026694
0 0.959446 0.925051 0.081108 0.075975
0 0.583162 0.978439 0.063655 0.043121
0 0.523614 0.931211 0.034908 0.039014
0 0.513347 0.985626 0.063655 0.028747
0 0.470226 0.926078 0.075975 0.065708
0 0.438398 0.906571 0.078029 0.039014
0 0.380903 0.856263 0.078029 0.086242
0 0.292608 0.800821 0.045175 0.053388
0 0.250513 0.772074 0.084189 0.069815
0 0.174538 0.713552 0.075975 0.088296
0 0.093429 0.655031 0.057495 0.078029
0 0.056468 0.645791 0.057495 0.051335
0 0.028234 0.604723 0.056468 0.067762
0 0.071869 0.840862 0.067762 0.080082
0 0.024127 0.801848 0.048254 0.071869
0 0.143737 0.910678 0.059548 0.063655
0 0.205339 0.939425 0.071869 0.092402
0 0.286448 0.979466 0.065708 0.041068