0 0.104723 0.174538 0.059548 0.061602
0 0.175565 0.205339 0.065708 0.073922
0 0.256674 0.275154 0.063655 0.061602
0 0.316222 0.337782 0.071869 0.043121
0 0.338809 0.152977 0.051335 0.051335
0 0.279261 0.096509 0.055441 0.073922
0 0.255647 0.059548 0.041068 0.073922
0 0.578029 0.340862 0.094456 0.086242
0 0.460986 0.221766 0.057495 0.045175
0 0.659138 0.370637 0.067762 0.059548
0 0.694045 0.407598 0.071869 0.059548
0 0.716632 0.444559 0.071869 0.067762
0 0.823409 0.498973 0.084189 0.065708
0 0.828542 0.542094 0.045175 0.057495
0 0.924025 0.587269 0.063655 0.078029
0 0.968686 0.623203 0.062628 0.067762
0 0.733060 0.638604 0.075975 0.094456
0 0.700205 0.617043 0.063655 0.047228
0 0.799795 0.693018 0.073922 0.055441
0 0.840862 0.724846 0.057495 0.069815
0 0.895277 0.783368 0.059548 0.055441
0 0.812115 0.917864 0.045175 0.057495
0 0.869610 0.956879 0.073922 0.032854
0 0.708419 0.824435 0.067762 0.063655
0 0.642710 0.763860 0.092402 0.098563
0 0.533881 0.738193 0.055441 0.067762
0 0.486653 0.667351 0.043121 0.065708
0 0.449692 0.672485 0.071869 0.067762
0 0.421971 0.607803 0.082136 0.086242
0 0.393224 0.636550 0.098563 0.061602
0 0.331622 0.584189 0.069815 0.075975
0 0.316222 0.543121 0.080082 0.063655
0 0.263860 0.512320 0.082136 0.084189
0 0.175565 0.441478 0.082136 0.061602
0 0.165298 0.381930 0.061602 0.065708
0 0.106776 0.431211 0.084189 0.061602
0 0.114990 0.379877 0.075975 0.078029
0 0.055441 0.328542 0.075975 0.053388
0 0.070842 0.378850 0.065708 0.071869
0 0.205339 0.668378 0.092402 0.051335
0 0.081109 0.545175 0.049281 0.051335
0 0.028234 0.522587 0.056468 0.063655
0 0.271047 0.691992 0.034908 0.053388
0 0.352156 0.728953 0.045175 0.061602
0 0.441478 0.804928 0.059548 0.078029
0 0.386037 0.779261 0.047228 0.059548
0 0.535934 0.467146 0.055441 0.039014
0 0.655031 0.981520 0.075975 0.036960
0 0.574949 0.978439 0.034908 0.043121
0 0.549281 0.974333 0.041068 0.051334
0 0.569815 0.924025 0.069815 0.086242
0 0.512320 0.948665 0.049281 0.057495
0 0.503080 0.889117 0.043121 0.065708
0 0.454825 0.890144 0.090349 0.051335
0 0.355236 0.943532 0.043121 0.080082
0 0.308008 0.980493 0.071869 0.039014
0 0.262834 0.918891 0.063655 0.055441
0 0.200205 0.879877 0.065708 0.088296
0 0.171458 0.849076 0.082136 0.080082
0 0.132444 0.813142 0.078029 0.078029
0 0.069815 0.755647 0.092402 0.069815
0 0.094456 0.977413 0.125257 0.045174
0 0.016940 0.910678 0.033880 0.039014
0 0.032341 0.938398 0.064682 0.045175