0 0.479466 0.979466 0.069815 0.041068
0 0.432238 0.948665 0.049281 0.053388
0 0.409651 0.901437 0.082136 0.057495
0 0.385010 0.944559 0.061602 0.041068
0 0.335729 0.879877 0.049281 0.055441
0 0.261807 0.859343 0.078029 0.067762
0 0.224846 0.768994 0.061602 0.051335
0 0.148871 0.755647 0.073922 0.086242
0 0.091376 0.709446 0.078029 0.088296
0 0.044148 0.670431 0.057495 0.051335
0 0.281314 0.526694 0.059548 0.039014
0 0.217659 0.973306 0.080082 0.053388
0 0.180698 0.935318 0.071869 0.039014
0 0.041068 0.892197 0.051335 0.059548
0 0.022074 0.870637 0.044148 0.078029