0 0.146817 0.876797 0.057495 0.098563
0 0.043121 0.701232 0.047228 0.154004
0 0.113963 0.534908 0.094456 0.088296
0 0.199179 0.599589 0.080082 0.106776
0 0.334702 0.604723 0.108830 0.084189
0 0.199179 0.778234 0.117043 0.078029
0 0.379877 0.833676 0.108830 0.114990
0 0.254620 0.894251 0.096509 0.112936
0 0.486653 0.956879 0.059548 0.078029
0 0.573922 0.843943 0.139630 0.082136
0 0.624230 0.894251 0.149897 0.063655
0 0.866530 0.700205 0.096509 0.119097
0 0.953799 0.786448 0.086242 0.106776
0 0.888090 0.758727 0.073922 0.117043
0 0.928645 0.533881 0.142710 0.098563
0 0.954312 0.473306 0.091376 0.080082
0 0.760780 0.478439 0.073922 0.135524
0 0.525667 0.658111 0.158111 0.108830
0 0.495893 0.542094 0.110883 0.053388
0 0.397331 0.390144 0.114990 0.094456
0 0.343943 0.293634 0.069815 0.094456
0 0.421971 0.134497 0.078029 0.071869
0 0.432238 0.199179 0.098563 0.102669
0 0.265914 0.138604 0.098563 0.092402
0 0.565708 0.143737 0.098563 0.098563
0 0.827515 0.280287 0.117043 0.088296
0 0.782341 0.189938 0.108830 0.112936
0 0.708419 0.120123 0.178645 0.092402
0 0.690965 0.034908 0.135524 0.069815
0 0.310062 0.207392 0.059548 0.102669
0 0.426078 0.256674 0.106776 0.078029
0 0.642710 0.276181 0.063655 0.104723
0 0.854209 0.035934 0.100616 0.067762
0 0.966632 0.229979 0.066735 0.082136
0 0.221766 0.402464 0.112936 0.102669