0 0.270021 0.883984 0.065708 0.108830
0 0.228953 0.764887 0.094456 0.059548
0 0.144764 0.641684 0.135524 0.096509
0 0.095483 0.474333 0.110883 0.094456
0 0.058008 0.381930 0.116016 0.082136
0 0.073922 0.258727 0.129363 0.106776
0 0.052875 0.160164 0.105749 0.045175
0 0.052875 0.021561 0.105749 0.043121
0 0.471253 0.281314 0.078029 0.193018
0 0.291581 0.287474 0.084189 0.057495
0 0.210472 0.188912 0.102669 0.086242
0 0.503080 0.081109 0.067762 0.075975
0 0.604723 0.147844 0.135524 0.114990
0 0.723819 0.447639 0.102669 0.086242
0 0.772074 0.547228 0.100616 0.141684
0 0.660164 0.642710 0.078029 0.119097
0 0.575975 0.774127 0.082136 0.119097
0 0.952259 0.861396 0.095482 0.112936
0 0.900411 0.912731 0.110883 0.071869
0 0.810062 0.939425 0.094456 0.121150
0 0.971766 0.648871 0.056468 0.110883
0 0.883984 0.495893 0.135524 0.096509
0 0.878850 0.366530 0.075975 0.071869
0 0.950205 0.040041 0.099589 0.075975
0 0.459959 0.658111 0.137577 0.141684
0 0.392197 0.490760 0.084189 0.086242
0 0.537988 0.470226 0.080082 0.057495