0 0.836756 0.925051 0.094456 0.104723
0 0.945585 0.791581 0.086242 0.108830
0 0.968172 0.870637 0.053388 0.119097
0 0.957906 0.553388 0.078029 0.080082
0 0.895277 0.413758 0.071869 0.055441
0 0.717659 0.421971 0.135524 0.129363
0 0.773101 0.698152 0.119097 0.053388
0 0.747433 0.788501 0.112936 0.065708
0 0.512320 0.654004 0.119097 0.096509
0 0.446612 0.498973 0.086242 0.086242
0 0.308008 0.317248 0.108830 0.117043
0 0.041581 0.350103 0.083162 0.108830
0 0.053901 0.682752 0.107802 0.145791
0 0.048768 0.964066 0.097536 0.071868
0 0.154004 0.903491 0.088296 0.082136
0 0.152977 0.584189 0.069815 0.067762
0 0.244353 0.515400 0.075975 0.078029
0 0.194045 0.433265 0.061602 0.057495
0 0.051335 0.160164 0.096509 0.078029
0 0.164271 0.031828 0.096509 0.063655
0 0.022074 0.031828 0.044148 0.063655
0 0.897331 0.132444 0.071869 0.075975
0 0.840862 0.282341 0.094456 0.088296
0 0.783368 0.286448 0.086242 0.071869
0 0.646817 0.226899 0.071869 0.059548
0 0.592402 0.161191 0.078029 0.080082
0 0.511294 0.375770 0.067762 0.045175
0 0.511294 0.278234 0.075975 0.059548
0 0.290554 0.583162 0.057495 0.073922
0 0.146817 0.651951 0.082136 0.088296
0 0.205339 0.716632 0.039014 0.102669