0 0.211499 0.947639 0.145791 0.104722
0 0.273101 0.795688 0.096509 0.100616
0 0.107803 0.550308 0.123203 0.114990
0 0.059548 0.432238 0.117043 0.166324
0 0.149897 0.325462 0.137577 0.125257
0 0.256674 0.241273 0.121150 0.075975
0 0.096509 0.202259 0.108830 0.047228
0 0.291581 0.527721 0.108830 0.086242
0 0.412731 0.830595 0.092402 0.055441
0 0.599589 0.863450 0.112936 0.137577
0 0.679671 0.697125 0.133470 0.108830
0 0.716632 0.754620 0.080082 0.067762
0 0.776181 0.863450 0.133470 0.051335
0 0.669405 0.988706 0.075975 0.022587
0 0.944045 0.901437 0.111910 0.090349
0 0.860370 0.984600 0.071869 0.030800
0 0.967659 0.685832 0.064682 0.143737
0 0.786448 0.524641 0.080082 0.100616
0 0.800821 0.597536 0.092402 0.119097
0 0.656057 0.034908 0.090349 0.069815
0 0.714579 0.107803 0.117043 0.112936
0 0.770021 0.221766 0.080082 0.065708
0 0.529774 0.102669 0.121150 0.082136
0 0.620123 0.240246 0.096509 0.098563
0 0.563655 0.171458 0.098563 0.104723
0 0.485626 0.331622 0.098563 0.063655
0 0.356263 0.396304 0.110883 0.098563
0 0.425051 0.474333 0.133470 0.106776
0 0.670431 0.382957 0.094456 0.092402
0 0.780287 0.325462 0.071869 0.075975
0 0.026181 0.700205 0.052361 0.094456