0 0.043634 0.946612 0.087268 0.090349
0 0.128337 0.845996 0.098563 0.065708
0 0.048768 0.742300 0.097536 0.059548
0 0.053901 0.478439 0.107802 0.098563
0 0.163244 0.557495 0.110883 0.051335
0 0.177618 0.673511 0.078029 0.086242
0 0.236140 0.752567 0.121150 0.133470
0 0.304928 0.586242 0.094456 0.112936
0 0.364476 0.651951 0.106776 0.121150
0 0.467146 0.874743 0.098563 0.110883
0 0.410678 0.729979 0.096509 0.117043
0 0.532854 0.620123 0.102669 0.110883
0 0.476386 0.545175 0.096509 0.096509
0 0.278234 0.429158 0.139630 0.110883
0 0.102669 0.173511 0.075975 0.084189
0 0.281314 0.181725 0.117043 0.067762
0 0.204312 0.026694 0.078029 0.053388
0 0.372690 0.285421 0.102669 0.086242
0 0.408624 0.403491 0.117043 0.104723
0 0.635524 0.944559 0.098563 0.061602
0 0.713552 0.741273 0.151951 0.053388
0 0.767967 0.822382 0.067762 0.071869
0 0.803901 0.906571 0.106776 0.051335
0 0.949692 0.864476 0.086242 0.061602
0 0.924025 0.806982 0.080082 0.086242
0 0.885010 0.715606 0.092402 0.092402
0 0.814168 0.621150 0.102669 0.067762
0 0.636550 0.554415 0.100616 0.053388
0 0.569815 0.430185 0.082136 0.092402
0 0.682752 0.288501 0.094456 0.117043
0 0.502053 0.318275 0.073922 0.065708
0 0.621150 0.352156 0.078029 0.067762
0 0.664271 0.452772 0.057495 0.067762
0 0.837782 0.396304 0.075975 0.049281
0 0.621150 0.182752 0.127310 0.082136
0 0.437372 0.169405 0.117043 0.121150
0 0.413758 0.108830 0.082136 0.078029
0 0.342916 0.022587 0.063655 0.041068
0 0.556468 0.035934 0.104723 0.071868
0 0.703285 0.034908 0.094456 0.069815
0 0.823409 0.266940 0.071869 0.049281