0 0.938398 0.196099 0.071869 0.112936
0 0.909651 0.168378 0.051335 0.057495
0 0.852156 0.066735 0.051335 0.100616
0 0.752567 0.014374 0.086242 0.028747
0 0.683778 0.039014 0.075975 0.078028
0 0.763860 0.168378 0.075975 0.065708
0 0.802875 0.210472 0.088296 0.075975
0 0.508214 0.069815 0.098563 0.139630
0 0.649897 0.275154 0.127310 0.110883
0 0.699179 0.360370 0.110883 0.092402
0 0.756674 0.464066 0.114990 0.090349
0 0.664271 0.660164 0.156057 0.125257
0 0.734086 0.745380 0.139630 0.143737
0 0.831622 0.792608 0.108830 0.065708
0 0.935318 0.838809 0.127310 0.137577
0 0.813142 0.893224 0.075975 0.073922
0 0.850103 0.949692 0.067762 0.100616
0 0.694045 0.957906 0.108830 0.084188
0 0.640657 0.880903 0.121150 0.078029
0 0.292608 0.938398 0.131417 0.098563
0 0.360370 0.966119 0.098563 0.067762
0 0.143737 0.863450 0.117043 0.096509
0 0.096509 0.808008 0.080082 0.100616
0 0.010780 0.763860 0.021560 0.106776
0 0.020021 0.626283 0.040041 0.078029
0 0.226899 0.739220 0.086242 0.106776
0 0.176591 0.684805 0.100616 0.092402
0 0.133470 0.603696 0.104723 0.094456
0 0.099589 0.527721 0.094456 0.106776
0 0.028234 0.431211 0.056468 0.123203
0 0.191992 0.357290 0.119097 0.086242
0 0.234086 0.430185 0.137577 0.108830
0 0.264887 0.518480 0.129363 0.121150
0 0.467146 0.639630 0.160164 0.067762
0 0.362423 0.738193 0.102669 0.067762
0 0.403491 0.823409 0.090349 0.053388
0 0.465092 0.267967 0.106776 0.067762
0 0.500000 0.336756 0.073922 0.106776
0 0.574949 0.498973 0.080082 0.065708
0 0.396304 0.375770 0.071869 0.090349
0 0.303901 0.260780 0.104723 0.135524
0 0.184805 0.109856 0.145791 0.092402
0 0.377823 0.064682 0.096509 0.075975
0 0.442505 0.189938 0.110883 0.067762