0 0.106776 0.916838 0.129363 0.100616
0 0.075975 0.833676 0.100616 0.106776
0 0.138604 0.596509 0.094456 0.104723
0 0.376797 0.686858 0.119097 0.067762
0 0.421971 0.790554 0.110883 0.090349
0 0.762834 0.824435 0.069815 0.084189
0 0.826489 0.922998 0.131417 0.088296
0 0.963552 0.881930 0.072895 0.117043
0 0.703285 0.733060 0.094456 0.147844
0 0.848049 0.672485 0.059548 0.055441
0 0.976386 0.473306 0.036961 0.104723
0 0.979979 0.603696 0.040041 0.082136
0 0.809035 0.338809 0.092402 0.106776
0 0.874743 0.411704 0.129363 0.125257
0 0.631417 0.309035 0.065708 0.080082
0 0.695072 0.336756 0.119097 0.049281
0 0.623203 0.206366 0.131417 0.100616
0 0.581109 0.130390 0.080082 0.084189
0 0.755647 0.136550 0.104723 0.100616
0 0.904517 0.123203 0.086242 0.069815
0 0.857290 0.027721 0.086242 0.055441
0 0.678645 0.026694 0.078029 0.053388
0 0.528747 0.034908 0.114990 0.069815
0 0.428131 0.113963 0.045175 0.071869
0 0.542094 0.417864 0.117043 0.092402
0 0.581109 0.501027 0.100616 0.094456
0 0.285421 0.540041 0.121150 0.102669
0 0.216632 0.473306 0.131417 0.125257
0 0.094456 0.225873 0.075975 0.078029
0 0.193018 0.039014 0.121150 0.078028
0 0.018994 0.031828 0.037988 0.063655
0 0.708419 0.501027 0.080082 0.086242
0 0.780287 0.555441 0.071869 0.084189
0 0.619097 0.902464 0.090349 0.051335
0 0.667351 0.959959 0.067762 0.080082