0 0.103696 0.851129 0.102669 0.108830
0 0.206366 0.958932 0.065708 0.082136
0 0.292608 0.873717 0.119097 0.071869
0 0.348049 0.967146 0.069815 0.065708
0 0.463039 0.813142 0.135524 0.073922
0 0.514374 0.948665 0.065708 0.090349
0 0.675565 0.908624 0.092402 0.088296
0 0.871663 0.934292 0.078029 0.123203
0 0.836756 0.853183 0.102669 0.112936
0 0.985113 0.915811 0.029774 0.078029
0 0.948152 0.817248 0.103696 0.114990
0 0.922998 0.731006 0.131417 0.119097
0 0.844969 0.552361 0.090349 0.082136
0 0.885010 0.609856 0.121150 0.131417
0 0.952259 0.508214 0.095482 0.108830
0 0.838809 0.324435 0.131417 0.073922
0 0.663244 0.620123 0.071869 0.106776
0 0.718686 0.725873 0.063655 0.117043
0 0.320329 0.545175 0.145791 0.112936
0 0.195072 0.671458 0.154004 0.086242
0 0.234086 0.737166 0.059548 0.098563
0 0.382957 0.709446 0.151951 0.071869
0 0.049795 0.647844 0.099589 0.133470
0 0.044661 0.365503 0.089322 0.147844
0 0.099589 0.201232 0.073922 0.106776
0 0.026181 0.045175 0.052361 0.090349
0 0.164271 0.026694 0.096509 0.053388
0 0.353183 0.041068 0.075975 0.082136
0 0.520534 0.053388 0.123203 0.106776
0 0.681725 0.019507 0.084189 0.039014
0 0.850103 0.049281 0.063655 0.098562
0 0.959446 0.054415 0.081108 0.108830
0 0.940452 0.165298 0.096509 0.080082
0 0.721766 0.129363 0.135524 0.135524
0 0.787474 0.204312 0.094456 0.125257
0 0.596509 0.502053 0.123203 0.117043
0 0.454825 0.468172 0.094456 0.090349
0 0.465092 0.539014 0.057495 0.063655
0 0.248460 0.183778 0.092402 0.059548