0 0.894251 0.714579 0.086242 0.102669
0 0.683778 0.938398 0.075975 0.082136
0 0.789528 0.141684 0.098563 0.110883
0 0.850103 0.291581 0.096509 0.094456
0 0.616016 0.120123 0.100616 0.104723
0 0.625257 0.228953 0.127310 0.063655
0 0.711499 0.372690 0.114990 0.104723
0 0.727926 0.484600 0.119097 0.065708
0 0.782341 0.546201 0.129363 0.098563
0 0.429158 0.451745 0.125257 0.098563
0 0.254620 0.488706 0.104723 0.094456
0 0.134497 0.465092 0.082136 0.071869
0 0.047741 0.327515 0.095482 0.121150
0 0.079055 0.127310 0.102669 0.147844
0 0.213552 0.061602 0.141684 0.123203
0 0.168378 0.658111 0.100616 0.067762
0 0.243326 0.723819 0.147844 0.112936
0 0.078029 0.790554 0.133470 0.078029
0 0.040041 0.880903 0.078029 0.061602
0 0.161191 0.886037 0.102669 0.075975
0 0.347023 0.914784 0.067762 0.071869
0 0.625257 0.864476 0.123203 0.086242
0 0.404517 0.739220 0.067762 0.119097