0 0.468172 0.871663 0.104723 0.112936
0 0.472279 0.976386 0.067762 0.039014
0 0.664271 0.949692 0.078029 0.100616
0 0.609856 0.855236 0.075975 0.104723
0 0.606776 0.763860 0.106776 0.078029
0 0.516427 0.647844 0.106776 0.100616
0 0.428131 0.466119 0.110883 0.073922
0 0.281314 0.539014 0.092402 0.080082
0 0.204312 0.762834 0.057495 0.067762
0 0.350103 0.718686 0.061602 0.086242
0 0.408624 0.782341 0.104723 0.069815
0 0.286448 0.863450 0.082136 0.051335
0 0.034394 0.142710 0.068788 0.063655
0 0.111910 0.214579 0.151951 0.047228
0 0.038501 0.400411 0.077002 0.086242
0 0.018994 0.608830 0.037988 0.154004
0 0.181725 0.623203 0.065708 0.034908
0 0.220739 0.446612 0.073922 0.047228
0 0.371663 0.324435 0.129363 0.078029
0 0.328542 0.382957 0.084189 0.088296
0 0.527721 0.359343 0.117043 0.110883
0 0.691992 0.413758 0.080082 0.071869
0 0.734086 0.457906 0.098563 0.090349
0 0.793634 0.516427 0.123203 0.108830
0 0.901437 0.424025 0.084189 0.125257
0 0.798768 0.238193 0.067762 0.123203
0 0.735113 0.094456 0.117043 0.065708
0 0.655031 0.033881 0.108830 0.063655
0 0.527721 0.072895 0.084189 0.117043
0 0.401437 0.097536 0.086242 0.112936
0 0.280287 0.214579 0.102669 0.100616
0 0.227926 0.136550 0.084189 0.092402
0 0.168378 0.058522 0.104723 0.108830
0 0.128337 0.321355 0.086242 0.084189
0 0.903491 0.188912 0.071869 0.078029
0 0.946612 0.236140 0.075975 0.090349
0 0.973819 0.306982 0.052361 0.112936
0 0.963552 0.624230 0.072895 0.098563
0 0.928131 0.844969 0.059548 0.137577
0 0.974333 0.956879 0.041068 0.086242
0 0.806982 0.640657 0.055441 0.098563
0 0.842916 0.764887 0.082136 0.063655
0 0.833676 0.051335 0.096509 0.061602
0 0.952772 0.017454 0.067762 0.034908
0 0.639630 0.255647 0.057495 0.043121