0 0.943018 0.899384 0.113963 0.098563
0 0.969713 0.683778 0.060574 0.082136
0 0.952772 0.578029 0.092402 0.117043
0 0.957392 0.343943 0.085216 0.100616
0 0.951232 0.262834 0.097536 0.065708
0 0.902464 0.155031 0.073922 0.092402
0 0.744353 0.275154 0.193018 0.172485
0 0.671458 0.344969 0.100616 0.082136
0 0.724846 0.527721 0.129363 0.073922
0 0.809035 0.637577 0.100616 0.121150
0 0.641684 0.594456 0.098563 0.092402
0 0.548255 0.587269 0.084189 0.049281
0 0.325462 0.867556 0.131417 0.092402
0 0.434292 0.844969 0.106776 0.133470
0 0.663244 0.969199 0.096509 0.061602
0 0.054415 0.431211 0.086242 0.086242
0 0.427105 0.493840 0.117043 0.047228
0 0.525667 0.374743 0.092402 0.092402
0 0.215606 0.057495 0.133470 0.086242
0 0.313142 0.709446 0.078029 0.067762
0 0.768994 0.170431 0.069815 0.073922
0 0.845996 0.114990 0.080082 0.073922
0 0.445585 0.267967 0.104723 0.059548
0 0.292608 0.587269 0.094456 0.086242