0 0.605749 0.885010 0.100616 0.135524
0 0.145791 0.946612 0.084189 0.106776
0 0.117043 0.835729 0.096509 0.094456
0 0.052361 0.831622 0.073922 0.094456
0 0.119097 0.591376 0.100616 0.127310
0 0.026181 0.380903 0.052361 0.039014
0 0.812115 0.274127 0.143737 0.158111
0 0.696099 0.059548 0.121150 0.078029
0 0.457906 0.218686 0.100616 0.080082
0 0.503080 0.314168 0.092402 0.090349
0 0.603696 0.489733 0.092402 0.084189
0 0.835729 0.633470 0.133470 0.141684
0 0.912731 0.447639 0.078029 0.057495
0 0.139630 0.362423 0.075975 0.088296
0 0.066735 0.238193 0.086242 0.110883
0 0.827515 0.030801 0.055441 0.061602
0 0.982033 0.030801 0.035934 0.061602
0 0.899384 0.221766 0.067762 0.090349