0 0.362423 0.682752 0.110883 0.084189
0 0.081109 0.694045 0.065708 0.053388
0 0.550308 0.777207 0.096509 0.067762
0 0.558522 0.879877 0.108830 0.047228
0 0.629363 0.958932 0.098563 0.082136
0 0.910678 0.844969 0.135524 0.141684
0 0.753593 0.930185 0.067762 0.049281
0 0.959959 0.626283 0.078029 0.143737
0 0.961499 0.322382 0.077002 0.156057
0 0.698152 0.190965 0.133470 0.106776
0 0.780287 0.322382 0.063655 0.139630
0 0.472279 0.272074 0.141684 0.088296
0 0.519507 0.375770 0.112936 0.119097
0 0.300821 0.298768 0.123203 0.075975
0 0.206366 0.429158 0.114990 0.114990
0 0.156057 0.065708 0.100616 0.131416
0 0.352156 0.028747 0.090349 0.057494
0 0.819302 0.028747 0.117043 0.057494