0 0.234086 0.862423 0.100616 0.114990
0 0.121150 0.928131 0.051335 0.036961
0 0.152977 0.986653 0.036961 0.026694
0 0.068789 0.819302 0.098563 0.053388
0 0.176591 0.708419 0.084189 0.106776
0 0.061602 0.517454 0.084189 0.098563
0 0.182752 0.432238 0.100616 0.063655
0 0.315195 0.665298 0.123203 0.078029
0 0.404517 0.864476 0.117043 0.114990
0 0.583162 0.835729 0.092402 0.090349
0 0.507187 0.754620 0.084189 0.088296
0 0.148871 0.299795 0.098563 0.082136
0 0.456879 0.032854 0.114990 0.065708
0 0.573922 0.068789 0.123203 0.137577
0 0.880903 0.511294 0.080082 0.061602
0 0.938398 0.643737 0.121150 0.108830
0 0.966632 0.764887 0.066735 0.084189
0 0.802875 0.058522 0.067762 0.080082
0 0.965092 0.065708 0.067762 0.119097