0 0.355236 0.355236 0.104723 0.065708
0 0.520534 0.272074 0.123203 0.092402
0 0.713552 0.102669 0.106776 0.135524
0 0.866530 0.042094 0.067762 0.043121
0 0.910678 0.087269 0.057495 0.084189
0 0.966632 0.182752 0.066735 0.151951
0 0.813142 0.206366 0.059548 0.112936
0 0.698152 0.306982 0.092402 0.092402
0 0.798768 0.390144 0.084189 0.098563
0 0.890144 0.521561 0.094456 0.090349
0 0.949692 0.343943 0.065708 0.121150
0 0.604723 0.413758 0.098563 0.084189
0 0.722793 0.545175 0.158111 0.166324
0 0.507187 0.515400 0.075975 0.086242
0 0.547228 0.589322 0.086242 0.110883
0 0.603696 0.651951 0.096509 0.096509
0 0.715606 0.798768 0.078029 0.078029
0 0.338809 0.735113 0.100616 0.102669
0 0.375770 0.773101 0.075975 0.063655
0 0.271047 0.945585 0.125257 0.075975
0 0.102669 0.476386 0.121150 0.123203
0 0.257700 0.420945 0.090349 0.073922