0 0.135524 0.931211 0.067762 0.121150
0 0.055441 0.828542 0.092402 0.117043
0 0.016940 0.520534 0.033880 0.075975
0 0.085216 0.622177 0.110883 0.094456
0 0.163244 0.725873 0.114990 0.137577
0 0.273101 0.835729 0.096509 0.131417
0 0.340862 0.955852 0.084189 0.084189
0 0.448665 0.830595 0.073922 0.096509
0 0.036961 0.408624 0.063655 0.094456
0 0.118070 0.445585 0.090349 0.082136
0 0.194045 0.541068 0.114990 0.100616
0 0.302875 0.661191 0.114990 0.106776
0 0.573922 0.789528 0.069815 0.112936
0 0.427105 0.606776 0.088296 0.063655
0 0.217659 0.152977 0.096509 0.071869
0 0.301848 0.221766 0.092402 0.090349
0 0.344969 0.285421 0.080082 0.094456
0 0.420945 0.359343 0.088296 0.082136
0 0.665298 0.638604 0.088296 0.073922
0 0.870637 0.621150 0.125257 0.129363
0 0.961499 0.771047 0.077002 0.092402
0 0.895277 0.467146 0.080082 0.080082
0 0.728953 0.471253 0.063655 0.104723
0 0.661191 0.421971 0.100616 0.096509
0 0.564682 0.296715 0.096509 0.075975
0 0.655031 0.200205 0.141684 0.075975
0 0.940452 0.107803 0.092402 0.071869
0 0.870637 0.193018 0.108830 0.078029
0 0.523614 0.040041 0.125257 0.080082
0 0.437372 0.139630 0.129363 0.102669
0 0.371663 0.052361 0.149897 0.100616
0 0.862423 0.849076 0.104723 0.059548