0 0.713552 0.897331 0.106776 0.123203
0 0.542094 0.649897 0.080082 0.112936
0 0.446612 0.502053 0.106776 0.096509
0 0.740246 0.434292 0.082136 0.100616
0 0.643737 0.281314 0.127310 0.123203
0 0.717659 0.151951 0.131417 0.106776
0 0.618070 0.055441 0.088296 0.098563
0 0.130390 0.144764 0.110883 0.137577
0 0.143737 0.378850 0.100616 0.154004
0 0.287474 0.556468 0.121150 0.090349
0 0.015914 0.213552 0.031828 0.106776
0 0.204312 0.912731 0.082136 0.080082
0 0.330595 0.865503 0.075975 0.100616
0 0.873717 0.898357 0.135524 0.088296