0 0.905544 0.936345 0.096509 0.078029
0 0.958419 0.963039 0.083162 0.073922
0 0.871663 0.849076 0.135524 0.088296
0 0.798768 0.768994 0.133470 0.129363
0 0.718686 0.678645 0.067762 0.055441
0 0.604723 0.585216 0.151951 0.119097
0 0.474333 0.412731 0.096509 0.123203
0 0.348049 0.470226 0.057495 0.160164
0 0.127310 0.602669 0.063655 0.108830
0 0.078029 0.352156 0.096509 0.047228
0 0.434292 0.078029 0.119097 0.069815
0 0.272074 0.165298 0.098563 0.075975
0 0.181725 0.240246 0.143737 0.090349
0 0.075975 0.135524 0.051335 0.094456
0 0.025154 0.257700 0.050308 0.104723
0 0.507187 0.236140 0.063655 0.114990
0 0.587269 0.259754 0.092402 0.059548
0 0.677618 0.417864 0.080082 0.158111
0 0.862423 0.125257 0.084189 0.086242
0 0.895277 0.183778 0.067762 0.100616
0 0.942505 0.253593 0.108830 0.129363
0 0.889117 0.385010 0.075975 0.092402
0 0.939425 0.458932 0.086242 0.096509
0 0.424025 0.962012 0.119097 0.075975
0 0.266940 0.853183 0.084189 0.158111
0 0.111910 0.864476 0.110883 0.086242
0 0.606776 0.770021 0.094456 0.090349
0 0.755647 0.944559 0.080082 0.110882
0 0.532854 0.918891 0.127310 0.117043