0 0.357290 0.755647 0.092402 0.131417
0 0.314168 0.804928 0.084189 0.086242
0 0.061602 0.867556 0.104723 0.092402
0 0.495893 0.932238 0.065708 0.102669
0 0.325462 0.974333 0.102669 0.051334
0 0.542094 0.737166 0.096509 0.123203
0 0.626283 0.824435 0.129363 0.125257
0 0.858316 0.830595 0.088296 0.117043
0 0.899384 0.930185 0.096509 0.139630
0 0.887064 0.689938 0.075975 0.069815
0 0.963552 0.540041 0.072895 0.131417
0 0.904517 0.493840 0.057495 0.088296
0 0.808008 0.355236 0.114990 0.082136
0 0.812115 0.426078 0.172485 0.100616
0 0.650924 0.180698 0.088296 0.114990
0 0.583162 0.114990 0.145791 0.102669
0 0.430185 0.195072 0.102669 0.143737
0 0.553388 0.348049 0.135524 0.125257
0 0.611910 0.398357 0.108830 0.078029
0 0.502053 0.480493 0.073922 0.102669
0 0.668378 0.532854 0.094456 0.084189
0 0.450719 0.608830 0.102669 0.096509
0 0.381930 0.571869 0.108830 0.084189
0 0.324435 0.453799 0.100616 0.078029
0 0.136550 0.278234 0.127310 0.104723
0 0.081109 0.220739 0.131417 0.121150
0 0.078029 0.054415 0.125257 0.108830
0 0.150924 0.086242 0.078029 0.123203
0 0.239220 0.162218 0.106776 0.123203
0 0.235113 0.627310 0.102669 0.080082
0 0.074949 0.417864 0.061602 0.100616
0 0.965606 0.096509 0.068788 0.094456
0 0.882957 0.234086 0.162218 0.073922
0 0.771047 0.113963 0.073922 0.096509