0 0.096509 0.708419 0.149897 0.172485
0 0.951232 0.608830 0.097536 0.182752
0 0.781314 0.437372 0.082136 0.106776
0 0.703285 0.356263 0.094456 0.088296
0 0.906571 0.381930 0.123203 0.176591
0 0.949692 0.182752 0.078029 0.090349
0 0.867556 0.084189 0.094456 0.073922
0 0.770021 0.199179 0.067762 0.114990
0 0.674538 0.079055 0.106776 0.096509
0 0.637577 0.034908 0.094456 0.069815
0 0.478439 0.057495 0.121150 0.102669
0 0.557495 0.184805 0.090349 0.119097
0 0.648871 0.283368 0.088296 0.123203
0 0.723819 0.593429 0.110883 0.094456
0 0.617043 0.474333 0.098563 0.086242
0 0.048255 0.063655 0.078029 0.057495
0 0.146817 0.165298 0.139630 0.088296
0 0.260780 0.295688 0.121150 0.102669
0 0.386037 0.422998 0.112936 0.098563
0 0.517454 0.575975 0.154004 0.166324
0 0.844969 0.931211 0.176591 0.125257
0 0.380903 0.867556 0.110883 0.108830
0 0.112936 0.531828 0.096509 0.094456