0 0.209446 0.935318 0.112936 0.129363
0 0.035421 0.688912 0.070842 0.084189
0 0.038501 0.491786 0.077002 0.125257
0 0.199179 0.456879 0.096509 0.117043
0 0.127310 0.397331 0.071869 0.075975
0 0.059035 0.315195 0.118070 0.108830
0 0.056468 0.049281 0.106776 0.098562
0 0.444559 0.514374 0.102669 0.112936
0 0.281314 0.555441 0.071869 0.084189
0 0.540041 0.636550 0.084189 0.131417
0 0.452772 0.728953 0.102669 0.065708
0 0.526694 0.826489 0.114990 0.104723
0 0.435318 0.915811 0.104723 0.094456
0 0.806982 0.926078 0.092402 0.123203
0 0.739220 0.864476 0.100616 0.082136
0 0.652977 0.742300 0.096509 0.092402
0 0.619097 0.903491 0.069815 0.123203
0 0.854209 0.706366 0.108830 0.127310
0 0.704312 0.572895 0.088296 0.061602
0 0.944559 0.436345 0.071869 0.100616
0 0.866530 0.364476 0.117043 0.092402
0 0.639630 0.471253 0.094456 0.125257
0 0.939938 0.238193 0.120123 0.110883
0 0.213552 0.099589 0.080082 0.100616