0 0.497947 0.586242 0.151951 0.117043
0 0.610883 0.309035 0.119097 0.088296
0 0.275154 0.330595 0.108830 0.078029
0 0.168378 0.215606 0.100616 0.106776
0 0.611910 0.736140 0.145791 0.092402
0 0.837782 0.783368 0.104723 0.092402
0 0.925051 0.879877 0.119097 0.145791
0 0.749487 0.882957 0.112936 0.098563
0 0.875770 0.984600 0.082136 0.030800
0 0.840862 0.349076 0.094456 0.069815
0 0.452772 0.079055 0.110883 0.129363
0 0.837782 0.132444 0.084189 0.088296
0 0.976899 0.552361 0.046201 0.123203
0 0.894251 0.643737 0.086242 0.088296
0 0.123203 0.871663 0.096509 0.084189