0 0.418891 0.940452 0.133470 0.119096
0 0.356263 0.852156 0.106776 0.069815
0 0.288501 0.788501 0.127310 0.098563
0 0.191992 0.688912 0.114990 0.133470
0 0.099589 0.594456 0.106776 0.096509
0 0.041581 0.554415 0.083162 0.151951
0 0.459959 0.515400 0.117043 0.082136
0 0.381930 0.430185 0.075975 0.104723
0 0.305955 0.560575 0.084189 0.110883
0 0.122177 0.362423 0.090349 0.071869
0 0.211499 0.235113 0.112936 0.067762
0 0.555441 0.379877 0.082136 0.151951
0 0.728953 0.621150 0.112936 0.133470
0 0.498973 0.659138 0.104723 0.078029
0 0.521561 0.793634 0.084189 0.080082
0 0.567762 0.863450 0.106776 0.067762
0 0.665298 0.784394 0.075975 0.090349
0 0.761807 0.851129 0.088296 0.121150
0 0.878850 0.582136 0.067762 0.125257
0 0.785421 0.448665 0.123203 0.075975
0 0.681725 0.334702 0.158111 0.139630
0 0.876797 0.311088 0.129363 0.075975
0 0.950719 0.396304 0.071869 0.119097
0 0.941992 0.249487 0.116016 0.104723
0 0.828542 0.082136 0.119097 0.082136
0 0.689938 0.156057 0.071869 0.065708
0 0.764887 0.219713 0.086242 0.094456
0 0.407598 0.048255 0.131417 0.096509
0 0.263860 0.104723 0.090349 0.102669
0 0.452772 0.303901 0.114990 0.131417
0 0.623203 0.061602 0.106776 0.090349