0 0.173511 0.484600 0.098563 0.090349
0 0.301848 0.594456 0.055441 0.108830
0 0.126283 0.628337 0.073922 0.065708
0 0.223819 0.720739 0.080082 0.069815
0 0.140657 0.834702 0.061602 0.100616
0 0.485626 0.821355 0.143737 0.110883
0 0.328542 0.857290 0.133470 0.096509
0 0.575975 0.670431 0.106776 0.063655
0 0.458932 0.560575 0.106776 0.102669
0 0.375770 0.504107 0.084189 0.104723
0 0.298768 0.375770 0.110883 0.102669
0 0.464066 0.372690 0.125257 0.108830
0 0.097536 0.121150 0.098563 0.106776
0 0.042094 0.090349 0.065708 0.073922
0 0.271047 0.155031 0.063655 0.100616
0 0.408624 0.073922 0.088296 0.094456
0 0.625257 0.298768 0.078029 0.088296
0 0.685832 0.372690 0.121150 0.096509
0 0.794661 0.488706 0.055441 0.110883
0 0.880903 0.375770 0.071869 0.123203
0 0.894251 0.581109 0.045175 0.094456
0 0.967659 0.196099 0.064682 0.117043
0 0.688912 0.603696 0.106776 0.135524