0 0.120123 0.797741 0.082136 0.080082
0 0.533881 0.431211 0.088296 0.102669
0 0.749487 0.680698 0.121150 0.112936
0 0.895277 0.596509 0.121150 0.121150
0 0.701232 0.358316 0.098563 0.059548
0 0.514374 0.183778 0.106776 0.063655
0 0.575975 0.274127 0.114990 0.063655
0 0.231006 0.332649 0.069815 0.102669
0 0.165298 0.251540 0.098563 0.112936
0 0.838809 0.340862 0.090349 0.098563
0 0.911704 0.417864 0.104723 0.104723
0 0.745380 0.442505 0.129363 0.067762
0 0.477413 0.556468 0.106776 0.102669
0 0.034394 0.755647 0.068788 0.065708
0 0.040554 0.290554 0.081108 0.088296
0 0.074949 0.144764 0.098563 0.108830
0 0.161191 0.033881 0.106776 0.067762
0 0.252567 0.116016 0.108830 0.067762
0 0.315195 0.194045 0.073922 0.100616
0 0.393224 0.293634 0.057495 0.102669
0 0.411704 0.073922 0.073922 0.098563
0 0.588296 0.089322 0.135524 0.080082
0 0.799795 0.163244 0.110883 0.080082
0 0.960472 0.054415 0.079055 0.108830
0 0.952772 0.891170 0.084189 0.098563