0 0.425051 0.957906 0.092402 0.084188
0 0.453799 0.798768 0.071869 0.053388
0 0.595483 0.712526 0.084189 0.123203
0 0.695072 0.812115 0.073922 0.117043
0 0.811088 0.886037 0.067762 0.162218
0 0.817248 0.704312 0.133470 0.106776
0 0.696099 0.614990 0.096509 0.084189
0 0.845996 0.514374 0.121150 0.075975
0 0.752567 0.436345 0.139630 0.088296
0 0.637577 0.303901 0.110883 0.073922
0 0.517454 0.176591 0.100616 0.082136
0 0.447639 0.062628 0.125257 0.125256
0 0.537988 0.451745 0.059548 0.139630
0 0.448665 0.360370 0.127310 0.121150
0 0.195072 0.052361 0.133470 0.104722
0 0.038501 0.058522 0.077002 0.117043
0 0.371663 0.642710 0.121150 0.102669
0 0.175565 0.718686 0.110883 0.135524
0 0.279261 0.916838 0.071869 0.117043
0 0.253593 0.546201 0.069815 0.143737
0 0.105749 0.368583 0.102669 0.108830
0 0.667351 0.156057 0.112936 0.078029
0 0.583162 0.072895 0.088296 0.096509
0 0.794661 0.045175 0.104723 0.065708
0 0.881930 0.140657 0.078029 0.092402
0 0.764887 0.286448 0.090349 0.063655
0 0.874743 0.342916 0.125257 0.114990
0 0.959959 0.508214 0.049281 0.080082