0 0.972793 0.374743 0.054414 0.096509
0 0.918891 0.318275 0.078029 0.073922
0 0.766940 0.208419 0.082136 0.096509
0 0.693018 0.071869 0.114990 0.094456
0 0.894251 0.061602 0.114990 0.123203
0 0.931211 0.585216 0.090349 0.114990
0 0.880903 0.498973 0.125257 0.106776
0 0.762834 0.403491 0.106776 0.071869
0 0.671458 0.312115 0.100616 0.073922
0 0.617043 0.237166 0.135524 0.084189
0 0.533881 0.097536 0.162218 0.195072
0 0.838809 0.678645 0.094456 0.080082
0 0.775154 0.606776 0.098563 0.071869
0 0.672485 0.496920 0.094456 0.069815
0 0.544148 0.516427 0.096509 0.112936
0 0.811088 0.894251 0.088296 0.100616
0 0.745380 0.782341 0.084189 0.073922
0 0.622177 0.859343 0.084189 0.121150
0 0.099589 0.719713 0.110883 0.096509
0 0.300821 0.475359 0.094456 0.084189
0 0.199179 0.173511 0.092402 0.096509
0 0.221766 0.679671 0.104723 0.090349
0 0.038501 0.588296 0.077002 0.067762
0 0.366530 0.358316 0.082136 0.051335
0 0.303901 0.310062 0.121150 0.053388