0 0.035421 0.220739 0.070842 0.174538
0 0.150924 0.393224 0.110883 0.067762
0 0.039528 0.560575 0.079055 0.123203
0 0.108830 0.758727 0.084189 0.088296
0 0.316222 0.794661 0.121150 0.135524
0 0.458932 0.677618 0.098563 0.082136
0 0.379877 0.574949 0.117043 0.147844
0 0.235113 0.584189 0.082136 0.108830
0 0.601643 0.326489 0.129363 0.127310
0 0.650924 0.523614 0.129363 0.156057
0 0.721766 0.567762 0.135524 0.075975
0 0.792608 0.773101 0.129363 0.100616
0 0.845996 0.852156 0.137577 0.114990
0 0.439425 0.947639 0.121150 0.080082
0 0.710472 0.244353 0.100616 0.143737
0 0.095483 0.045175 0.098563 0.090349
0 0.872690 0.291581 0.100616 0.094456
0 0.897331 0.380903 0.174538 0.108830
0 0.387064 0.330595 0.098563 0.106776
0 0.492813 0.757700 0.137577 0.057495
0 0.592402 0.936345 0.114990 0.127310
0 0.864476 0.565708 0.088296 0.080082
0 0.958419 0.798768 0.083162 0.086242
0 0.967659 0.498973 0.064682 0.114990