0 0.904517 0.046201 0.143737 0.088296
0 0.958419 0.124230 0.083162 0.121150
0 0.688912 0.231006 0.110883 0.075975
0 0.942505 0.504107 0.104723 0.075975
0 0.902464 0.650924 0.094456 0.073922
0 0.673511 0.542094 0.141684 0.139630
0 0.439425 0.456879 0.117043 0.117043
0 0.412731 0.337782 0.096509 0.117043
0 0.520534 0.232033 0.110883 0.127310
0 0.155031 0.290554 0.114990 0.149897
0 0.165298 0.164271 0.110883 0.078029
0 0.074949 0.037988 0.119097 0.055441
0 0.303901 0.054415 0.125257 0.080082
0 0.331622 0.162218 0.086242 0.065708
0 0.485626 0.120123 0.061602 0.088296
0 0.596509 0.030801 0.049281 0.061602
0 0.633470 0.100616 0.065708 0.073922
0 0.188912 0.527721 0.063655 0.102669
0 0.289528 0.508214 0.075975 0.055441
0 0.322382 0.587269 0.141684 0.061602
0 0.442505 0.716632 0.086242 0.143737
0 0.597536 0.676591 0.121150 0.092402
0 0.659138 0.804928 0.088296 0.073922
0 0.706366 0.859343 0.117043 0.133470
0 0.509240 0.864476 0.092402 0.106776
0 0.558522 0.940452 0.075975 0.119096
0 0.249487 0.723819 0.114990 0.075975
0 0.110883 0.701232 0.088296 0.071869
0 0.021047 0.489733 0.042094 0.162218
0 0.264887 0.964066 0.059548 0.071868
0 0.326489 0.862423 0.117043 0.061602
0 0.763860 0.978439 0.075975 0.043121
0 0.894251 0.960986 0.102669 0.078028
0 0.775154 0.738193 0.098563 0.133470