0 0.036448 0.151951 0.072895 0.156057
0 0.183778 0.359343 0.098563 0.127310
0 0.075975 0.379877 0.121150 0.127310
0 0.100616 0.535934 0.075975 0.119097
0 0.358316 0.350103 0.143737 0.149897
0 0.436345 0.464066 0.106776 0.135524
0 0.256674 0.482546 0.112936 0.078029
0 0.311088 0.558522 0.090349 0.082136
0 0.276181 0.724846 0.143737 0.119097
0 0.333676 0.904517 0.082136 0.112936
0 0.150924 0.875770 0.131417 0.121150
0 0.058008 0.732033 0.116016 0.117043
0 0.517454 0.293634 0.129363 0.106776
0 0.453799 0.166324 0.080082 0.094456
0 0.372690 0.036961 0.094456 0.073922
0 0.271047 0.111910 0.121150 0.145791
0 0.112936 0.163244 0.112936 0.178645
0 0.621150 0.254620 0.135524 0.110883
0 0.591376 0.156057 0.121150 0.098563
0 0.559548 0.028747 0.065708 0.057494
0 0.912218 0.058522 0.175564 0.117043
0 0.797741 0.208419 0.090349 0.063655
0 0.763860 0.108830 0.104723 0.086242
0 0.740246 0.362423 0.127310 0.158111
0 0.579055 0.440452 0.071869 0.100616
0 0.648871 0.493840 0.117043 0.125257
0 0.873717 0.335729 0.106776 0.112936
0 0.970739 0.519507 0.058522 0.061602
0 0.903491 0.683778 0.133470 0.110883
0 0.880903 0.765914 0.158111 0.110883
0 0.822382 0.839836 0.110883 0.123203
0 0.684805 0.963039 0.110883 0.061602
0 0.485626 0.849076 0.061602 0.075975
0 0.548255 0.914784 0.108830 0.104723
0 0.717659 0.709446 0.123203 0.100616
0 0.690965 0.648871 0.078029 0.049281
0 0.515400 0.600616 0.092402 0.084189
0 0.564682 0.665298 0.092402 0.086242
0 0.383984 0.756674 0.071869 0.117043
0 0.754620 0.452772 0.106776 0.043121
0 0.909651 0.455852 0.080082 0.139630