0 0.061602 0.030801 0.075975 0.061602
0 0.065708 0.248460 0.067762 0.073922
0 0.022074 0.330595 0.044148 0.045175
0 0.135524 0.170431 0.059548 0.069815
0 0.178645 0.134497 0.059548 0.063655
0 0.215606 0.075975 0.067762 0.057495
0 0.257700 0.043121 0.057495 0.049281
0 0.030801 0.548255 0.059548 0.073922
0 0.069815 0.484600 0.051335 0.053388
0 0.122177 0.442505 0.057495 0.071869
0 0.150924 0.392197 0.069815 0.061602
0 0.182752 0.322382 0.063655 0.090349
0 0.299795 0.219713 0.067762 0.057495
0 0.340862 0.186858 0.067762 0.057495
0 0.368583 0.141684 0.073922 0.057495
0 0.402464 0.109856 0.067762 0.055441
0 0.428131 0.048255 0.069815 0.063655
0 0.021047 0.840862 0.042094 0.067762
0 0.046201 0.763860 0.078029 0.073922
0 0.120123 0.686858 0.065708 0.063655
0 0.150924 0.636550 0.082136 0.061602
0 0.209446 0.575975 0.092402 0.084189
0 0.340862 0.405544 0.080082 0.075975
0 0.378850 0.369610 0.061602 0.078029
0 0.421971 0.280287 0.082136 0.063655
0 0.460986 0.311088 0.078029 0.059548
0 0.450719 0.222793 0.053388 0.055441
0 0.496920 0.220739 0.071869 0.080082
0 0.532854 0.160164 0.061602 0.057495
0 0.572895 0.127310 0.088296 0.082136
0 0.617043 0.074949 0.065708 0.047228
0 0.643737 0.037988 0.090349 0.067762
0 0.682752 0.022587 0.078029 0.045174
0 0.071869 0.969199 0.088296 0.061602
0 0.118070 0.927105 0.090349 0.088296
0 0.160164 0.858316 0.067762 0.053388
0 0.835729 0.039014 0.071869 0.078028
0 0.805955 0.102669 0.057495 0.041068
0 0.770021 0.127310 0.100616 0.073922
0 0.735113 0.166324 0.088296 0.053388
0 0.682752 0.236140 0.057495 0.078029
0 0.604723 0.339836 0.082136 0.084189
0 0.531828 0.408624 0.075975 0.086242
0 0.493840 0.466119 0.069815 0.082136
0 0.451745 0.532854 0.051335 0.059548
0 0.413758 0.555441 0.049281 0.075975
0 0.391170 0.601643 0.069815 0.078029
0 0.343943 0.642710 0.065708 0.069815
0 0.293634 0.709446 0.055441 0.063655
0 0.218686 0.786448 0.078029 0.065708
0 0.258727 0.766940 0.063655 0.051335
0 0.264887 0.977413 0.088296 0.045174
0 0.334702 0.920945 0.075975 0.055441
0 0.351129 0.868583 0.067762 0.082136
0 0.412731 0.826489 0.055441 0.063655
0 0.465092 0.762834 0.061602 0.055441
0 0.525667 0.699179 0.067762 0.071869
0 0.549281 0.647844 0.090349 0.080082
0 0.588296 0.581109 0.078029 0.069815
0 0.635524 0.522587 0.078029 0.075975
0 0.673511 0.463039 0.075975 0.080082
0 0.756674 0.379877 0.049281 0.057495
0 0.799795 0.356263 0.086242 0.063655
0 0.832649 0.302875 0.102669 0.080082
0 0.906571 0.218686 0.061602 0.075975
0 0.946612 0.189938 0.063655 0.059548
0 0.967659 0.123203 0.064682 0.061602
0 0.953799 0.403491 0.061602 0.071869
0 0.924025 0.451745 0.080082 0.078029
0 0.866530 0.531828 0.084189 0.069815
0 0.810062 0.582136 0.069815 0.088296
0 0.772074 0.640657 0.055441 0.078029
0 0.738193 0.674538 0.053388 0.071869
0 0.705339 0.722793 0.078029 0.082136
0 0.643737 0.785421 0.086242 0.071869
0 0.628337 0.845996 0.067762 0.061602
0 0.567762 0.848049 0.069815 0.114990
0 0.556468 0.912731 0.063655 0.080082
0 0.492813 0.973306 0.075975 0.053388
0 0.705339 0.962012 0.053388 0.075975
0 0.738193 0.909651 0.045175 0.045175
0 0.785421 0.858316 0.057495 0.082136
0 0.868583 0.757700 0.059548 0.078029
0 0.914784 0.711499 0.061602 0.059548
0 0.943532 0.667351 0.082136 0.061602
0 0.956366 0.899384 0.087268 0.073922
0 0.941478 0.963039 0.094456 0.073922
0 0.976899 0.315195 0.046201 0.092402
0 0.024127 0.106776 0.048254 0.082136