0 0.772074 0.734086 0.088296 0.088296
0 0.801848 0.805955 0.110883 0.067762
0 0.564682 0.974333 0.108830 0.051334
0 0.188912 0.833676 0.092402 0.094456
0 0.099589 0.771047 0.164271 0.112936
0 0.081109 0.650924 0.106776 0.102669
0 0.106776 0.478439 0.088296 0.098563
0 0.208419 0.533881 0.123203 0.139630
0 0.193018 0.300821 0.133470 0.100616
0 0.062628 0.382957 0.090349 0.121150
0 0.265914 0.395277 0.094456 0.092402
0 0.353183 0.258727 0.084189 0.127310
0 0.469199 0.169405 0.135524 0.104723
0 0.291581 0.174538 0.104723 0.082136
0 0.120123 0.151951 0.106776 0.073922
0 0.235113 0.061602 0.106776 0.110883
0 0.742300 0.057495 0.106776 0.090349
0 0.504107 0.290554 0.102669 0.096509
0 0.581109 0.348049 0.096509 0.117043
0 0.623203 0.560575 0.098563 0.090349
0 0.597536 0.724846 0.104723 0.139630
0 0.420945 0.670431 0.088296 0.084189
0 0.557495 0.603696 0.078029 0.082136
0 0.857290 0.370637 0.098563 0.096509
0 0.967659 0.220739 0.064682 0.108830
0 0.936345 0.088296 0.125257 0.168378
0 0.709446 0.241273 0.110883 0.092402
0 0.965606 0.463039 0.068788 0.092402
0 0.231006 0.970226 0.127310 0.059548
0 0.033368 0.946612 0.066735 0.106776