0 0.191992 0.938398 0.106776 0.119097
0 0.109856 0.784394 0.106776 0.127310
0 0.047741 0.665298 0.095482 0.131417
0 0.037474 0.966119 0.074948 0.067762
0 0.083162 0.375770 0.135524 0.180698
0 0.018994 0.267967 0.037988 0.088296
0 0.107803 0.057495 0.082136 0.073922
0 0.167351 0.185832 0.090349 0.080082
0 0.231006 0.407598 0.147844 0.133470
0 0.415811 0.672485 0.139630 0.190965
0 0.157084 0.588296 0.086242 0.121150
0 0.454825 0.449692 0.082136 0.086242
0 0.520534 0.295688 0.098563 0.143737
0 0.446612 0.112936 0.139630 0.102669
0 0.467146 0.220739 0.086242 0.047228
0 0.621150 0.463039 0.073922 0.075975
0 0.649897 0.542094 0.073922 0.086242
0 0.739220 0.689938 0.108830 0.098563
0 0.778234 0.774127 0.096509 0.110883
0 0.843943 0.860370 0.112936 0.065708
0 0.786448 0.511294 0.129363 0.106776
0 0.764887 0.426078 0.069815 0.080082
0 0.715606 0.363450 0.082136 0.110883
0 0.678645 0.283368 0.114990 0.131417
0 0.634497 0.173511 0.108830 0.121150
0 0.941478 0.080082 0.102669 0.094456
0 0.947639 0.187885 0.090349 0.063655
0 0.854209 0.321355 0.084189 0.092402
0 0.964579 0.555441 0.070842 0.063655
0 0.828542 0.635524 0.102669 0.059548
0 0.981006 0.898357 0.037988 0.149897
0 0.442505 0.813142 0.090349 0.135524
0 0.349076 0.913758 0.088296 0.057495
0 0.757700 0.107803 0.158111 0.112936