0 0.485626 0.588296 0.073922 0.108830
0 0.625257 0.649897 0.123203 0.075975
0 0.574949 0.422998 0.092402 0.069815
0 0.525667 0.278234 0.129363 0.108830
0 0.401437 0.107803 0.110883 0.092402
0 0.421971 0.178645 0.127310 0.086242
0 0.528747 0.041068 0.078029 0.073922
0 0.638604 0.182752 0.088296 0.102669
0 0.219713 0.091376 0.125257 0.137577
0 0.055955 0.062628 0.111910 0.125256
0 0.157084 0.275154 0.114990 0.102669
0 0.252567 0.406571 0.088296 0.139630
0 0.381930 0.379877 0.088296 0.078029
0 0.315195 0.520534 0.119097 0.096509
0 0.105749 0.559548 0.143737 0.096509
0 0.209446 0.706366 0.104723 0.094456
0 0.342916 0.650924 0.088296 0.069815
0 0.420945 0.756674 0.084189 0.154004
0 0.293634 0.872690 0.129363 0.131417
0 0.564682 0.748460 0.145791 0.084189
0 0.649897 0.937372 0.127310 0.125256
0 0.437372 0.888090 0.112936 0.055441
0 0.502053 0.951745 0.065708 0.071869
0 0.758727 0.844969 0.090349 0.071869
0 0.901437 0.718686 0.112936 0.114990
0 0.805955 0.667351 0.131417 0.110883
0 0.825462 0.605749 0.080082 0.073922
0 0.770021 0.541068 0.133470 0.117043
0 0.898357 0.178645 0.086242 0.106776
0 0.848049 0.363450 0.051335 0.098563