0 0.077002 0.037988 0.119097 0.075975
0 0.195072 0.256674 0.080082 0.131417
0 0.085216 0.394251 0.090349 0.102669
0 0.160164 0.563655 0.100616 0.108830
0 0.284394 0.443532 0.106776 0.078029
0 0.492813 0.575975 0.129363 0.133470
0 0.577002 0.368583 0.096509 0.096509
0 0.616016 0.136550 0.104723 0.137577
0 0.573922 0.075975 0.086242 0.110883
0 0.470226 0.226899 0.112936 0.158111
0 0.398357 0.051335 0.104723 0.102669
0 0.450719 0.811088 0.102669 0.114990
0 0.502053 0.900411 0.114990 0.108830
0 0.853183 0.929158 0.139630 0.067762
0 0.826489 0.257700 0.069815 0.080082
0 0.889117 0.333676 0.129363 0.125257
0 0.928131 0.451745 0.112936 0.065708
0 0.713552 0.353183 0.078029 0.098563
0 0.345996 0.303901 0.094456 0.127310
0 0.018994 0.266940 0.037988 0.098563
0 0.883984 0.094456 0.123203 0.094456
0 0.575975 0.719713 0.123203 0.141684
0 0.317248 0.553388 0.114990 0.092402
0 0.242300 0.744353 0.092402 0.121150
0 0.649897 0.519507 0.094456 0.082136