0 0.521561 0.620123 0.108830 0.188912
0 0.130390 0.156057 0.106776 0.197125
0 0.018994 0.121150 0.037988 0.045175
0 0.441478 0.130390 0.158111 0.162218
0 0.026181 0.292608 0.052361 0.108830
0 0.160164 0.476386 0.121150 0.180698
0 0.095483 0.641684 0.090349 0.092402
0 0.349076 0.879877 0.080082 0.100616
0 0.511294 0.970226 0.240246 0.059548
0 0.767967 0.421971 0.071869 0.108830
0 0.592402 0.418891 0.086242 0.106776
0 0.675565 0.548255 0.071869 0.102669
0 0.928131 0.385010 0.117043 0.154004
0 0.861396 0.679671 0.127310 0.127310
0 0.665298 0.193018 0.084189 0.160164
0 0.430185 0.711499 0.119097 0.092402
0 0.144764 0.780287 0.110883 0.127310
0 0.630390 0.804928 0.141684 0.135524
0 0.270021 0.484600 0.069815 0.086242
0 0.413758 0.354209 0.082136 0.096509