0 0.094456 0.380903 0.129363 0.137577
0 0.166324 0.231006 0.137577 0.108830
0 0.246407 0.171458 0.137577 0.071869
0 0.319302 0.249487 0.082136 0.133470
0 0.205339 0.046201 0.100616 0.071869
0 0.038501 0.041068 0.077002 0.082136
0 0.598563 0.382957 0.090349 0.117043
0 0.686858 0.234086 0.106776 0.082136
0 0.796715 0.110883 0.071869 0.069815
0 0.967659 0.122177 0.064682 0.100616
0 0.952772 0.188912 0.092402 0.098563
0 0.782341 0.373717 0.121150 0.094456
0 0.642710 0.563655 0.075975 0.133470
0 0.694045 0.650924 0.104723 0.119097
0 0.636550 0.788501 0.084189 0.090349
0 0.673511 0.874743 0.100616 0.123203
0 0.181725 0.898357 0.119097 0.117043
0 0.029261 0.611910 0.058522 0.168378
0 0.484600 0.245380 0.088296 0.137577
0 0.966632 0.768994 0.066735 0.149897
0 0.388090 0.024641 0.063655 0.049281
0 0.413758 0.133470 0.069815 0.114990