0 0.289528 0.191992 0.112936 0.088296
0 0.332649 0.344969 0.112936 0.123203
0 0.216632 0.403491 0.102669 0.125257
0 0.041068 0.417864 0.071869 0.129363
0 0.021047 0.345996 0.042094 0.100616
0 0.124230 0.191992 0.090349 0.104723
0 0.340862 0.035934 0.100616 0.071868
0 0.249487 0.096509 0.069815 0.094456
0 0.416838 0.129363 0.096509 0.135524
0 0.484600 0.039014 0.059548 0.078028
0 0.572895 0.096509 0.080082 0.094456
0 0.632444 0.217659 0.108830 0.106776
0 0.789528 0.189938 0.098563 0.154004
0 0.977926 0.247433 0.044148 0.137577
0 0.877823 0.404517 0.102669 0.135524
0 0.790554 0.532854 0.104723 0.084189
0 0.601643 0.469199 0.129363 0.084189
0 0.094456 0.830595 0.088296 0.125257
0 0.796715 0.852156 0.104723 0.086242
0 0.818275 0.959959 0.127310 0.080082
0 0.605749 0.845996 0.071869 0.069815
0 0.524641 0.929158 0.098563 0.104723
0 0.420945 0.741273 0.071869 0.082136
0 0.487680 0.599589 0.069815 0.106776
0 0.579055 0.357290 0.112936 0.119097
0 0.913758 0.749487 0.125257 0.114990