0 0.485626 0.570842 0.098563 0.094456
0 0.507187 0.658111 0.104723 0.121150
0 0.477413 0.851129 0.090349 0.100616
0 0.177618 0.647844 0.102669 0.121150
0 0.079055 0.152977 0.082136 0.100616
0 0.147844 0.263860 0.096509 0.149897
0 0.498973 0.030801 0.080082 0.061602
0 0.571869 0.073922 0.090349 0.073922
0 0.670431 0.219713 0.127310 0.094456
0 0.717659 0.410678 0.110883 0.094456
0 0.911704 0.420945 0.084189 0.098563
0 0.938398 0.487680 0.084189 0.100616
0 0.823409 0.598563 0.108830 0.100616
0 0.895277 0.709446 0.100616 0.133470
0 0.945585 0.802875 0.098563 0.119097
0 0.820329 0.936345 0.065708 0.127310
0 0.568789 0.783368 0.063655 0.047228