0 0.430185 0.274127 0.114990 0.080082
0 0.623203 0.486653 0.127310 0.094456
0 0.677618 0.604723 0.108830 0.067762
0 0.075975 0.550308 0.084189 0.131417
0 0.649897 0.109856 0.090349 0.112936
0 0.795688 0.050308 0.114990 0.080082
0 0.941478 0.161191 0.086242 0.092402
0 0.666324 0.312115 0.086242 0.090349
0 0.524641 0.400411 0.110883 0.078029
0 0.301848 0.373717 0.071869 0.069815
0 0.477413 0.345996 0.086242 0.117043
0 0.207392 0.300821 0.112936 0.100616
0 0.293634 0.796715 0.071869 0.102669
0 0.891170 0.369610 0.071869 0.094456
0 0.207392 0.059548 0.080082 0.086242