0 0.132444 0.277207 0.090349 0.156057
0 0.183778 0.358316 0.086242 0.096509
0 0.127310 0.520534 0.112936 0.096509
0 0.210472 0.627310 0.082136 0.100616
0 0.051335 0.696099 0.055441 0.114990
0 0.356263 0.821355 0.127310 0.139630
0 0.403491 0.141684 0.098563 0.086242
0 0.454825 0.210472 0.110883 0.100616
0 0.609856 0.616016 0.075975 0.090349
0 0.795688 0.876797 0.123203 0.110883
0 0.806982 0.220739 0.063655 0.084189
0 0.886037 0.306982 0.082136 0.112936
0 0.201232 0.168378 0.112936 0.082136
0 0.297741 0.265914 0.067762 0.096509