0 0.344969 0.281314 0.088296 0.094456
0 0.490760 0.439425 0.121150 0.082136
0 0.550308 0.526694 0.141684 0.096509
0 0.649897 0.586242 0.090349 0.084189
0 0.686858 0.663244 0.131417 0.127310
0 0.497947 0.043121 0.127310 0.082136
0 0.599589 0.144764 0.071869 0.154004
0 0.708419 0.248460 0.154004 0.094456
0 0.802875 0.347023 0.092402 0.082136
0 0.868583 0.427105 0.121150 0.098563
0 0.928131 0.483573 0.080082 0.084189
0 0.264887 0.430185 0.088296 0.125257
0 0.047741 0.156057 0.095482 0.131417
0 0.148871 0.062628 0.143737 0.125256
0 0.658111 0.842916 0.061602 0.092402
0 0.371663 0.947639 0.084189 0.104722
0 0.097536 0.658111 0.114990 0.129363
0 0.543121 0.271047 0.073922 0.114990
0 0.717659 0.491786 0.082136 0.096509