0 0.097536 0.154004 0.139630 0.123203
0 0.167351 0.247433 0.131417 0.145791
0 0.222793 0.368583 0.098563 0.096509
0 0.285421 0.452772 0.080082 0.145791
0 0.235113 0.059548 0.106776 0.073922
0 0.328542 0.122177 0.117043 0.104723
0 0.460986 0.145791 0.098563 0.086242
0 0.489733 0.394251 0.139630 0.143737
0 0.514374 0.535934 0.119097 0.061602
0 0.652977 0.242300 0.117043 0.094456
0 0.907598 0.481520 0.129363 0.108830
0 0.621150 0.761807 0.082136 0.098563
0 0.147844 0.796715 0.055441 0.073922
0 0.198152 0.871663 0.073922 0.125257