0 0.142710 0.682752 0.123203 0.174538
0 0.259754 0.586242 0.123203 0.117043
0 0.279261 0.365503 0.104723 0.078029
0 0.374743 0.508214 0.106776 0.084189
0 0.660164 0.600616 0.106776 0.108830
0 0.560575 0.311088 0.170431 0.190965
0 0.381930 0.126283 0.129363 0.137577
0 0.567762 0.087269 0.078029 0.071869
0 0.642710 0.168378 0.067762 0.102669
0 0.727926 0.036961 0.069815 0.073922
0 0.039014 0.197125 0.071869 0.119097
0 0.118070 0.241273 0.090349 0.075975
0 0.960472 0.332649 0.079055 0.094456
0 0.863450 0.388090 0.094456 0.094456
0 0.141684 0.911704 0.084189 0.106776