0 0.377823 0.491786 0.145791 0.141684
0 0.214579 0.339836 0.102669 0.129363
0 0.079055 0.177618 0.143737 0.211499
0 0.305955 0.044148 0.092402 0.080082
0 0.710472 0.449692 0.125257 0.168378
0 0.810062 0.111910 0.061602 0.075975
0 0.737166 0.073922 0.088296 0.110883
0 0.242300 0.832649 0.129363 0.112936
0 0.028234 0.816222 0.056468 0.145791
0 0.036448 0.572895 0.072895 0.156057
0 0.837782 0.582136 0.063655 0.121150
0 0.808008 0.310062 0.086242 0.061602
0 0.582136 0.341889 0.082136 0.133470
0 0.467146 0.366530 0.094456 0.071869