0 0.363450 0.519507 0.141684 0.176591
0 0.479466 0.719713 0.102669 0.088296
0 0.600616 0.626283 0.098563 0.057495
0 0.507187 0.867556 0.149897 0.112936
0 0.082136 0.947639 0.149897 0.100616
0 0.752567 0.958932 0.082136 0.082136
0 0.904517 0.968172 0.114990 0.063655
0 0.782341 0.735113 0.141684 0.102669
0 0.694045 0.290554 0.182752 0.092402
0 0.319302 0.109856 0.094456 0.121150
0 0.062115 0.318275 0.124230 0.143737
0 0.788501 0.085216 0.162218 0.117043
0 0.850103 0.154004 0.092402 0.119097
0 0.911704 0.244353 0.145791 0.114990
0 0.797741 0.383984 0.147844 0.188912
0 0.942505 0.427105 0.075975 0.184805
0 0.597536 0.342916 0.075975 0.073922
0 0.299795 0.729979 0.121150 0.108830
0 0.357290 0.911704 0.117043 0.156057
0 0.633470 0.786448 0.106776 0.143737