0 0.088296 0.649897 0.149897 0.080082
0 0.056982 0.559548 0.113963 0.088296
0 0.068789 0.369610 0.119097 0.135524
0 0.169405 0.418891 0.106776 0.119097
0 0.213552 0.501027 0.100616 0.106776
0 0.241273 0.595483 0.119097 0.110883
0 0.309035 0.415811 0.106776 0.096509
0 0.325462 0.504107 0.119097 0.112936
0 0.248460 0.069815 0.129363 0.123203
0 0.364476 0.160164 0.114990 0.073922
0 0.403491 0.246407 0.131417 0.086242
0 0.448665 0.347023 0.106776 0.065708
0 0.485626 0.472279 0.114990 0.106776
0 0.535934 0.592402 0.092402 0.121150
0 0.574949 0.789528 0.096509 0.108830
0 0.644764 0.868583 0.145791 0.131417
0 0.697125 0.949692 0.123203 0.100616
0 0.633470 0.440452 0.127310 0.080082
0 0.440452 0.072895 0.123203 0.088296
0 0.498973 0.135524 0.112936 0.094456
0 0.543121 0.232033 0.102669 0.156057
0 0.734086 0.632444 0.135524 0.114990
0 0.874743 0.914784 0.129363 0.108830
0 0.791581 0.440452 0.106776 0.108830
0 0.729979 0.294661 0.094456 0.100616
0 0.967659 0.171458 0.064682 0.112936