0 0.204312 0.617043 0.082136 0.133470
0 0.073922 0.609856 0.112936 0.102669
0 0.101643 0.728953 0.090349 0.082136
0 0.033368 0.903491 0.066735 0.123203
0 0.333676 0.837782 0.119097 0.106776
0 0.287474 0.458932 0.112936 0.141684
0 0.069815 0.049281 0.067762 0.098562
0 0.906571 0.694045 0.114990 0.110883
0 0.872690 0.916838 0.088296 0.112936
0 0.679671 0.218686 0.117043 0.088296
0 0.592402 0.085216 0.086242 0.104723
0 0.487680 0.201232 0.073922 0.106776
0 0.415811 0.071869 0.102669 0.098563
0 0.308008 0.183778 0.092402 0.112936
0 0.421971 0.401437 0.057495 0.121150
0 0.458932 0.779261 0.102669 0.112936
0 0.470226 0.508214 0.108830 0.071869
0 0.619097 0.429158 0.073922 0.114990
0 0.558522 0.331622 0.067762 0.104723
0 0.660164 0.551335 0.110883 0.075975
0 0.359343 0.633470 0.071869 0.121150
0 0.824435 0.224846 0.073922 0.104723