0 0.618070 0.840862 0.125257 0.145791
0 0.512320 0.876797 0.135524 0.139630
0 0.377823 0.617043 0.137577 0.112936
0 0.460986 0.745380 0.102669 0.090349
0 0.313142 0.834702 0.123203 0.100616
0 0.114990 0.834702 0.121150 0.112936
0 0.223819 0.314168 0.137577 0.086242
0 0.411704 0.109856 0.139630 0.104723
0 0.599589 0.126283 0.154004 0.096509
0 0.575975 0.015400 0.106776 0.030800
0 0.891170 0.315195 0.092402 0.129363
0 0.609856 0.462012 0.096509 0.110883
0 0.525667 0.348049 0.063655 0.108830
0 0.495893 0.250513 0.098563 0.082136
0 0.418891 0.295688 0.096509 0.073922
0 0.306982 0.477413 0.090349 0.154004
0 0.530801 0.642710 0.168378 0.069815
0 0.732033 0.707392 0.131417 0.121150
0 0.826489 0.836756 0.106776 0.080082
0 0.845996 0.929158 0.190965 0.084189
0 0.887064 0.176591 0.071869 0.135524