0 0.016940 0.111910 0.033880 0.067762
0 0.040041 0.042094 0.061602 0.063655
0 0.074949 0.022587 0.053388 0.045174
0 0.281314 0.026694 0.067762 0.053388
0 0.247433 0.055441 0.061602 0.073922
0 0.194045 0.097536 0.078029 0.080082
0 0.207392 0.147844 0.043121 0.073922
0 0.145791 0.189938 0.084189 0.084189
0 0.092402 0.231006 0.075975 0.063655
0 0.070842 0.288501 0.061602 0.067762
0 0.030287 0.331622 0.060574 0.063655
0 0.134497 0.447639 0.057495 0.057495
0 0.099589 0.478439 0.078029 0.057495
0 0.061602 0.518480 0.067762 0.075975
0 0.025154 0.568789 0.050308 0.069815
0 0.331622 0.220739 0.078029 0.051335
0 0.353183 0.167351 0.084189 0.075975
0 0.389117 0.123203 0.065708 0.069815
0 0.431211 0.073922 0.063655 0.057495
0 0.480493 0.033881 0.059548 0.067762
0 0.671458 0.024641 0.108830 0.049281
0 0.662218 0.071869 0.069815 0.073922
0 0.593429 0.121150 0.059548 0.073922
0 0.531828 0.236140 0.075975 0.049281
0 0.484600 0.247433 0.071869 0.059548
0 0.458932 0.280287 0.061602 0.088296
0 0.403491 0.355236 0.061602 0.057495
0 0.354209 0.432238 0.069815 0.067762
0 0.265914 0.530801 0.061602 0.059548
0 0.201232 0.616016 0.075975 0.090349
0 0.129363 0.710472 0.055441 0.053388
0 0.093429 0.747433 0.049281 0.057495
0 0.054415 0.802875 0.053388 0.069815
0 0.020021 0.840862 0.040041 0.059548
0 0.102669 0.966119 0.100616 0.067762
0 0.228953 0.840862 0.057495 0.059548
0 0.255647 0.805955 0.041068 0.051335
0 0.271047 0.772074 0.059548 0.069815
0 0.287474 0.745380 0.067762 0.086242
0 0.326489 0.712526 0.059548 0.073922
0 0.406571 0.612936 0.063655 0.092402
0 0.449692 0.585216 0.059548 0.073922
0 0.466119 0.536961 0.084189 0.080082
0 0.521561 0.485626 0.067762 0.080082
0 0.545175 0.427105 0.102669 0.078029
0 0.640657 0.312115 0.067762 0.078029
0 0.671458 0.262834 0.059548 0.073922
0 0.716632 0.225873 0.067762 0.078029
0 0.566735 0.187885 0.051335 0.063655
0 0.778234 0.129363 0.080082 0.078029
0 0.834702 0.069815 0.078029 0.086242
0 0.878850 0.032854 0.084189 0.065708
0 0.973819 0.134497 0.052361 0.080082
0 0.955852 0.195072 0.061602 0.053388
0 0.916838 0.235113 0.086242 0.075975
0 0.834702 0.347023 0.057495 0.094456
0 0.777207 0.406571 0.061602 0.061602
0 0.719713 0.469199 0.073922 0.055441
0 0.678645 0.510267 0.069815 0.063655
0 0.633470 0.565708 0.053388 0.063655
0 0.694045 0.545175 0.055441 0.055441
0 0.614990 0.619097 0.086242 0.067762
0 0.592402 0.682752 0.073922 0.067762
0 0.517454 0.702259 0.075975 0.073922
0 0.494867 0.763860 0.071869 0.057495
0 0.454825 0.838809 0.082136 0.080082
0 0.415811 0.878850 0.065708 0.057495
0 0.338809 0.916838 0.043121 0.051335
0 0.334702 0.972279 0.100616 0.055441
0 0.970739 0.398357 0.058522 0.065708
0 0.866530 0.298768 0.047228 0.034908
0 0.960472 0.452772 0.079055 0.059548
0 0.951745 0.493840 0.057495 0.051335
0 0.904517 0.533881 0.065708 0.057495
0 0.888090 0.563655 0.053388 0.063655
0 0.842916 0.627310 0.053388 0.080082
0 0.735113 0.661191 0.067762 0.036961
0 0.649897 0.795688 0.024641 0.051335
0 0.695072 0.776181 0.032854 0.057495
0 0.796715 0.679671 0.039014 0.041068
0 0.684805 0.810062 0.045175 0.030801
0 0.641684 0.835729 0.057495 0.020534
0 0.624230 0.875770 0.043121 0.055441
0 0.518480 0.978439 0.065708 0.043121
0 0.721766 0.981520 0.045175 0.036960
0 0.739220 0.966119 0.043121 0.051335
0 0.767967 0.937372 0.055441 0.059548
0 0.811088 0.891170 0.063655 0.065708
0 0.835729 0.821355 0.055441 0.069815
0 0.888090 0.782341 0.053388 0.057495
0 0.929158 0.761807 0.041068 0.057495
0 0.965606 0.701232 0.068788 0.063655
0 0.978953 0.914784 0.042094 0.059548
0 0.957392 0.967146 0.085216 0.065708
0 0.903491 0.825462 0.043121 0.041068