0 0.021047 0.158111 0.042094 0.069815
0 0.036961 0.104723 0.059548 0.057495
0 0.065708 0.057495 0.112936 0.073922
0 0.133470 0.021561 0.051335 0.043121
0 0.279261 0.066735 0.092402 0.117043
0 0.218686 0.125257 0.106776 0.094456
0 0.146817 0.222793 0.061602 0.080082
0 0.126283 0.252567 0.086242 0.061602
0 0.062628 0.335729 0.049281 0.047228
0 0.034394 0.390144 0.068788 0.094456
0 0.217659 0.377823 0.100616 0.082136
0 0.203285 0.436345 0.051335 0.063655
0 0.165298 0.456879 0.057495 0.059548
0 0.120123 0.504107 0.053388 0.059548
0 0.096509 0.579055 0.043121 0.078029
0 0.027207 0.648871 0.054414 0.078029
0 0.326489 0.273101 0.067762 0.069815
0 0.382957 0.194045 0.061602 0.100616
0 0.438398 0.143737 0.057495 0.045175
0 0.460986 0.082136 0.073922 0.053388
0 0.509240 0.069815 0.055441 0.086242
0 0.484600 0.021561 0.063655 0.043121
0 0.733060 0.036961 0.071869 0.073922
0 0.651951 0.141684 0.090349 0.069815
0 0.610883 0.196099 0.078029 0.063655
0 0.581109 0.238193 0.084189 0.094456
0 0.527721 0.283368 0.075975 0.078029
0 0.504107 0.354209 0.057495 0.043121
0 0.405544 0.421971 0.086242 0.047228
0 0.338809 0.516427 0.059548 0.075975
0 0.360370 0.457906 0.049281 0.041068
0 0.288501 0.549281 0.069815 0.063655
0 0.234086 0.604723 0.071869 0.059548
0 0.286448 0.609856 0.036961 0.061602
0 0.220739 0.665298 0.065708 0.061602
0 0.157084 0.709446 0.069815 0.043121
0 0.122177 0.783368 0.065708 0.075975
0 0.075975 0.835729 0.100616 0.065708
0 0.029774 0.908624 0.057495 0.084189
0 0.172485 0.960986 0.084189 0.057495
0 0.186858 0.928131 0.063655 0.057495
0 0.251540 0.899384 0.106776 0.053388
0 0.283368 0.834702 0.080082 0.080082
0 0.315195 0.743326 0.069815 0.057495
0 0.401437 0.697125 0.065708 0.047228
0 0.398357 0.646817 0.075975 0.053388
0 0.459959 0.604723 0.075975 0.071869
0 0.497947 0.505133 0.069815 0.114990
0 0.554415 0.495893 0.063655 0.100616
0 0.613963 0.436345 0.117043 0.112936
0 0.719713 0.317248 0.069815 0.071869
0 0.694045 0.348049 0.075975 0.075975
0 0.764887 0.254620 0.073922 0.086242
0 0.791581 0.196099 0.094456 0.080082
0 0.853183 0.136550 0.078029 0.088296
0 0.873717 0.083162 0.090349 0.067762
0 0.960986 0.033881 0.075975 0.059548
0 0.925051 0.086242 0.065708 0.061602
0 0.388090 0.959959 0.075975 0.067762
0 0.956879 0.250513 0.063655 0.082136
0 0.910678 0.343943 0.057495 0.071869
0 0.848049 0.327515 0.100616 0.080082
0 0.870637 0.395277 0.059548 0.092402
0 0.811088 0.399384 0.075975 0.063655
0 0.812115 0.442505 0.073922 0.075975
0 0.760780 0.488706 0.110883 0.094456
0 0.687885 0.587269 0.051335 0.053388
0 0.614990 0.603696 0.065708 0.082136
0 0.649897 0.661191 0.086242 0.086242
0 0.581109 0.716632 0.067762 0.098563
0 0.536961 0.761807 0.069815 0.041068
0 0.494867 0.825462 0.075975 0.065708
0 0.443532 0.880903 0.067762 0.069815
0 0.407598 0.918891 0.049281 0.043121
0 0.339836 0.974333 0.069815 0.051334
0 0.548255 0.979466 0.067762 0.041068
0 0.646817 0.875770 0.059548 0.051335
0 0.657084 0.924025 0.067762 0.065708
0 0.671458 0.830595 0.059548 0.071869
0 0.715606 0.809035 0.073922 0.090349
0 0.763860 0.747433 0.063655 0.073922
0 0.784394 0.697125 0.051335 0.034908
0 0.850103 0.621150 0.051335 0.071869
0 0.892197 0.571869 0.069815 0.084189
0 0.932238 0.521561 0.063655 0.065708
0 0.962012 0.472279 0.049281 0.078029
0 0.976899 0.426078 0.046201 0.055441
0 0.950719 0.725873 0.055441 0.059548
0 0.953799 0.775154 0.057495 0.080082
0 0.903491 0.806982 0.051335 0.065708
0 0.890144 0.852156 0.061602 0.057495
0 0.844969 0.892197 0.065708 0.067762
0 0.802875 0.937372 0.100616 0.084189
0 0.970739 0.969199 0.058522 0.049281