0 0.054415 0.121150 0.082136 0.086242
0 0.100616 0.065708 0.051335 0.049281
0 0.169405 0.019507 0.098563 0.039014
0 0.097536 0.027721 0.069815 0.039014
0 0.360370 0.018480 0.061602 0.036960
0 0.332649 0.057495 0.075975 0.069815
0 0.284394 0.080082 0.061602 0.065708
0 0.283368 0.129363 0.067762 0.078029
0 0.219713 0.150924 0.075975 0.084189
0 0.217659 0.211499 0.063655 0.086242
0 0.179671 0.247433 0.057495 0.088296
0 0.065708 0.362423 0.080082 0.088296
0 0.030287 0.438398 0.060574 0.100616
0 0.097536 0.582136 0.065708 0.063655
0 0.123203 0.546201 0.063655 0.057495
0 0.178645 0.485626 0.067762 0.034908
0 0.224846 0.420945 0.061602 0.069815
0 0.280287 0.387064 0.057495 0.047228
0 0.297741 0.321355 0.071869 0.067762
0 0.324435 0.292608 0.043121 0.059548
0 0.363450 0.265914 0.067762 0.063655
0 0.380903 0.217659 0.086242 0.057495
0 0.430185 0.190965 0.041068 0.049281
0 0.441478 0.128337 0.039014 0.034908
0 0.470226 0.152977 0.055441 0.055441
0 0.500000 0.053388 0.053388 0.053388
0 0.540041 0.017454 0.084189 0.034908
0 0.039528 0.929158 0.079055 0.075975
0 0.061602 0.868583 0.051335 0.057495
0 0.091376 0.843943 0.078029 0.065708
0 0.121150 0.787474 0.075975 0.067762
0 0.160164 0.742300 0.084189 0.075975
0 0.234086 0.681725 0.096509 0.098563
0 0.281314 0.604723 0.075975 0.055441
0 0.318275 0.543121 0.067762 0.084189
0 0.357290 0.490760 0.084189 0.053388
0 0.404517 0.450719 0.084189 0.059548
0 0.454825 0.401437 0.119097 0.100616
0 0.489733 0.316222 0.082136 0.065708
0 0.534908 0.340862 0.057495 0.049281
0 0.558522 0.250513 0.071869 0.078029
0 0.581109 0.196099 0.088296 0.080082
0 0.627310 0.152977 0.049281 0.071869
0 0.665298 0.142710 0.063655 0.063655
0 0.696099 0.092402 0.071869 0.098563
0 0.740246 0.061602 0.065708 0.065708
0 0.929158 0.057495 0.078029 0.078029
0 0.879877 0.135524 0.069815 0.098563
0 0.810062 0.180698 0.086242 0.073922
0 0.746407 0.278234 0.098563 0.067762
0 0.671458 0.373717 0.117043 0.078029
0 0.572895 0.512320 0.071869 0.055441
0 0.504107 0.578029 0.123203 0.080082
0 0.467146 0.642710 0.069815 0.061602
0 0.435318 0.670431 0.084189 0.051335
0 0.408624 0.721766 0.100616 0.055441
0 0.354209 0.775154 0.082136 0.059548
0 0.329569 0.813142 0.078029 0.053388
0 0.278234 0.843943 0.061602 0.049281
0 0.288501 0.885010 0.041068 0.061602
0 0.229979 0.893224 0.059548 0.065708
0 0.214579 0.959959 0.094456 0.080082
0 0.385010 0.981520 0.041068 0.036960
0 0.410678 0.958932 0.059548 0.069815
0 0.473306 0.892197 0.057495 0.067762
0 0.507187 0.792608 0.043121 0.049281
0 0.548255 0.798768 0.063655 0.065708
0 0.565708 0.749487 0.094456 0.069815
0 0.605749 0.698152 0.080082 0.065708
0 0.670431 0.646817 0.078029 0.065708
0 0.684805 0.596509 0.069815 0.075975
0 0.737166 0.573922 0.063655 0.059548
0 0.778234 0.507187 0.067762 0.069815
0 0.801848 0.456879 0.078029 0.096509
0 0.866530 0.396304 0.051335 0.086242
0 0.896304 0.347023 0.061602 0.065708
0 0.935318 0.279261 0.061602 0.061602
0 0.967659 0.249487 0.064682 0.067762
0 0.974846 0.482546 0.050308 0.090349
0 0.953799 0.533881 0.082136 0.061602
0 0.942505 0.572895 0.055441 0.053388
0 0.911704 0.609856 0.088296 0.078029
0 0.849076 0.669405 0.057495 0.065708
0 0.798768 0.740246 0.088296 0.075975
0 0.739220 0.816222 0.088296 0.080082
0 0.693018 0.863450 0.082136 0.063655
0 0.659138 0.904517 0.084189 0.059548
0 0.586242 0.954825 0.061602 0.090349
0 0.637577 0.957906 0.082136 0.075975
0 0.802875 0.967146 0.067762 0.065708
0 0.827515 0.936345 0.059548 0.073922
0 0.868583 0.881930 0.067762 0.075975
0 0.934292 0.823409 0.067762 0.069815
0 0.973819 0.764887 0.052361 0.075975
0 0.972279 0.972279 0.045175 0.055441