0 0.021047 0.208419 0.042094 0.063655
0 0.053388 0.164271 0.063655 0.049281
0 0.082136 0.128337 0.100616 0.088296
0 0.124230 0.077002 0.078029 0.063655
0 0.173511 0.036961 0.061602 0.049281
0 0.208419 0.015400 0.061602 0.030800
0 0.033368 0.472279 0.066735 0.078029
0 0.065708 0.397331 0.096509 0.084189
0 0.147844 0.347023 0.084189 0.078029
0 0.165298 0.280287 0.090349 0.092402
0 0.265914 0.178645 0.102669 0.073922
0 0.290554 0.097536 0.053388 0.055441
0 0.319302 0.047228 0.065708 0.036961
0 0.406571 0.030801 0.084189 0.061602
0 0.577002 0.033881 0.104723 0.067762
0 0.505133 0.121150 0.063655 0.086242
0 0.473306 0.150924 0.073922 0.063655
0 0.434292 0.205339 0.098563 0.090349
0 0.395277 0.267967 0.094456 0.071869
0 0.373717 0.315195 0.075975 0.063655
0 0.321355 0.330595 0.069815 0.086242
0 0.308008 0.396304 0.059548 0.086242
0 0.225873 0.450719 0.100616 0.092402
0 0.147844 0.557495 0.071869 0.071869
0 0.119097 0.602669 0.071869 0.088296
0 0.081109 0.646817 0.057495 0.078029
0 0.039014 0.696099 0.059548 0.069815
0 0.063655 0.905544 0.080082 0.057495
0 0.118070 0.869610 0.045175 0.067762
0 0.032341 0.968172 0.064682 0.063655
0 0.203285 0.752567 0.092402 0.084189
0 0.232033 0.700205 0.071869 0.065708
0 0.259754 0.651951 0.065708 0.075975
0 0.310062 0.606776 0.080082 0.080082
0 0.364476 0.543121 0.057495 0.071869
0 0.396304 0.515400 0.088296 0.090349
0 0.464066 0.417864 0.063655 0.084189
0 0.526694 0.363450 0.065708 0.069815
0 0.542094 0.321355 0.092402 0.063655
0 0.593429 0.256674 0.084189 0.106776
0 0.676591 0.165298 0.078029 0.075975
0 0.696099 0.126283 0.080082 0.071869
0 0.724846 0.086242 0.075975 0.061602
0 0.779261 0.052361 0.098563 0.059548
0 0.815195 0.022587 0.108830 0.045174
0 0.961499 0.041068 0.077002 0.082136
0 0.910678 0.126283 0.073922 0.075975
0 0.866530 0.152977 0.055441 0.067762
0 0.837782 0.214579 0.059548 0.067762
0 0.778234 0.262834 0.067762 0.036961
0 0.755647 0.304928 0.063655 0.063655
0 0.720739 0.369610 0.075975 0.073922
0 0.683778 0.407598 0.059548 0.075975
0 0.628337 0.474333 0.096509 0.102669
0 0.578029 0.552361 0.082136 0.057495
0 0.542094 0.600616 0.080082 0.080082
0 0.500000 0.633470 0.073922 0.067762
0 0.467146 0.670431 0.069815 0.059548
0 0.425051 0.726899 0.092402 0.082136
0 0.356263 0.790554 0.053388 0.057495
0 0.306982 0.857290 0.102669 0.088296
0 0.239220 0.926078 0.098563 0.090349
0 0.197125 0.977413 0.075975 0.045174
0 0.414784 0.981520 0.075975 0.036960
0 0.438398 0.955852 0.082136 0.051335
0 0.469199 0.915811 0.069815 0.061602
0 0.506160 0.879877 0.078029 0.071869
0 0.548255 0.832649 0.100616 0.080082
0 0.622177 0.754620 0.047228 0.047228
0 0.646817 0.708419 0.092402 0.057495
0 0.666324 0.662218 0.082136 0.059548
0 0.708419 0.621150 0.071869 0.075975
0 0.747433 0.547228 0.104723 0.088296
0 0.821355 0.493840 0.075975 0.067762
0 0.849076 0.434292 0.065708 0.071869
0 0.937372 0.334702 0.069815 0.065708
0 0.963552 0.292608 0.072895 0.084189
0 0.972793 0.525667 0.054414 0.057495
0 0.956879 0.572895 0.084189 0.069815
0 0.914784 0.602669 0.082136 0.071869
0 0.886037 0.639630 0.086242 0.075975
0 0.874743 0.698152 0.047228 0.082136
0 0.829569 0.720739 0.075975 0.065708
0 0.792608 0.766940 0.067762 0.080082
0 0.750513 0.822382 0.086242 0.071869
0 0.728953 0.860370 0.059548 0.082136
0 0.689938 0.900411 0.071869 0.084189
0 0.650924 0.944559 0.075975 0.061602
0 0.609856 0.972279 0.084189 0.055441
0 0.851129 0.968172 0.078029 0.051335
0 0.872690 0.920945 0.063655 0.088296
0 0.913758 0.871663 0.055441 0.063655
0 0.938398 0.833676 0.055441 0.057495
0 0.970226 0.783368 0.053388 0.092402