0 0.027207 0.033881 0.054414 0.067762
0 0.022074 0.267967 0.044148 0.063655
0 0.026694 0.186858 0.034908 0.049281
0 0.074949 0.179671 0.057495 0.088296
0 0.104723 0.146817 0.067762 0.075975
0 0.125257 0.057495 0.047228 0.053388
0 0.165298 0.106776 0.053388 0.061602
0 0.218686 0.017454 0.053388 0.034908
0 0.024127 0.520534 0.048254 0.034908
0 0.043121 0.478439 0.063655 0.073922
0 0.098563 0.430185 0.071869 0.051335
0 0.112936 0.373717 0.063655 0.065708
0 0.152977 0.350103 0.057495 0.071869
0 0.200205 0.274127 0.069815 0.063655
0 0.249487 0.260780 0.073922 0.086242
0 0.296715 0.189938 0.090349 0.063655
0 0.327515 0.118070 0.041068 0.039014
0 0.365503 0.093429 0.059548 0.055441
0 0.407598 0.051335 0.073922 0.049281
0 0.432238 0.017454 0.061602 0.034908
0 0.623203 0.025667 0.061602 0.051334
0 0.602669 0.058522 0.086242 0.063655
0 0.566735 0.119097 0.055441 0.057495
0 0.518480 0.129363 0.049281 0.061602
0 0.495893 0.182752 0.057495 0.061602
0 0.448665 0.232033 0.106776 0.073922
0 0.378850 0.288501 0.090349 0.084189
0 0.286448 0.441478 0.065708 0.078029
0 0.195072 0.465092 0.063655 0.059548
0 0.224846 0.526694 0.082136 0.063655
0 0.356263 0.360370 0.078029 0.059548
0 0.142710 0.547228 0.061602 0.063655
0 0.196099 0.583162 0.061602 0.078029
0 0.146817 0.627310 0.073922 0.055441
0 0.015914 0.566735 0.031828 0.069815
0 0.039014 0.677618 0.047228 0.057495
0 0.054415 0.720739 0.065708 0.065708
0 0.016940 0.790554 0.033880 0.090349
0 0.121150 0.844969 0.051335 0.067762
0 0.096509 0.886037 0.059548 0.071869
0 0.075975 0.933265 0.063655 0.059548
0 0.035421 0.975359 0.070842 0.049281
0 0.182752 0.799795 0.055441 0.080082
0 0.221766 0.746407 0.084189 0.084189
0 0.261807 0.712526 0.057495 0.069815
0 0.327515 0.651951 0.057495 0.043121
0 0.341889 0.610883 0.098563 0.075975
0 0.355236 0.549281 0.063655 0.067762
0 0.408624 0.541068 0.063655 0.071869
0 0.510267 0.400411 0.098563 0.106776
0 0.580082 0.334702 0.061602 0.073922
0 0.608830 0.288501 0.082136 0.071869
0 0.708419 0.175565 0.104723 0.088296
0 0.744353 0.114990 0.078029 0.061602
0 0.808008 0.031828 0.082136 0.063655
0 0.932238 0.129363 0.088296 0.102669
0 0.880903 0.203285 0.121150 0.106776
0 0.815195 0.276181 0.075975 0.092402
0 0.778234 0.301848 0.084189 0.086242
0 0.772074 0.356263 0.075975 0.063655
0 0.735113 0.393224 0.063655 0.071869
0 0.703285 0.431211 0.061602 0.061602
0 0.654004 0.475359 0.053388 0.055441
0 0.624230 0.523614 0.051335 0.053388
0 0.591376 0.560575 0.067762 0.078029
0 0.530801 0.618070 0.057495 0.061602
0 0.512320 0.658111 0.057495 0.080082
0 0.462012 0.693018 0.088296 0.055441
0 0.403491 0.778234 0.073922 0.061602
0 0.386037 0.822382 0.092402 0.071869
0 0.370637 0.872690 0.028747 0.045175
0 0.317248 0.894251 0.073922 0.063655
0 0.217659 0.965092 0.141684 0.069815
0 0.471253 0.959959 0.082136 0.080082
0 0.510267 0.903491 0.086242 0.102669
0 0.598563 0.811088 0.061602 0.053388
0 0.657084 0.734086 0.100616 0.075975
0 0.694045 0.679671 0.104723 0.094456
0 0.720739 0.605749 0.075975 0.086242
0 0.776181 0.628337 0.055441 0.045175
0 0.814168 0.536961 0.069815 0.075975
0 0.842916 0.492813 0.069815 0.073922
0 0.879877 0.446612 0.073922 0.051335
0 0.907598 0.412731 0.092402 0.086242
0 0.942505 0.366530 0.067762 0.067762
0 0.972793 0.330595 0.054414 0.090349
0 0.959446 0.585216 0.081108 0.073922
0 0.934292 0.635524 0.080082 0.075975
0 0.879877 0.697125 0.098563 0.059548
0 0.832649 0.751540 0.073922 0.078029
0 0.780287 0.844969 0.059548 0.075975
0 0.745380 0.858316 0.084189 0.065708
0 0.667351 0.943532 0.075975 0.084189
0 0.641684 0.967146 0.094456 0.065708
0 0.741273 0.910678 0.059548 0.059548
0 0.849076 0.972279 0.078029 0.055441
0 0.900411 0.937372 0.053388 0.055441
0 0.937372 0.885010 0.069815 0.082136
0 0.982033 0.811088 0.035934 0.069815