0 0.025667 0.979466 0.045175 0.041068
0 0.082136 0.948665 0.059548 0.061602
0 0.026181 0.796715 0.052361 0.061602
0 0.078029 0.703285 0.084189 0.117043
0 0.166324 0.578029 0.092402 0.096509
0 0.121150 0.636550 0.096509 0.073922
0 0.270021 0.495893 0.057495 0.059548
0 0.310062 0.447639 0.063655 0.061602
0 0.343943 0.392197 0.065708 0.065708
0 0.396304 0.345996 0.092402 0.084189
0 0.433265 0.267967 0.088296 0.075975
0 0.484600 0.216632 0.075975 0.080082
0 0.553388 0.125257 0.078029 0.065708
0 0.594456 0.089322 0.057495 0.055441
0 0.636550 0.053388 0.071869 0.098563
0 0.844969 0.042094 0.090349 0.084188
0 0.800821 0.081109 0.071869 0.071869
0 0.726899 0.172485 0.092402 0.078029
0 0.683778 0.248460 0.084189 0.094456
0 0.632444 0.313142 0.084189 0.084189
0 0.589322 0.336756 0.063655 0.069815
0 0.546201 0.400411 0.080082 0.069815
0 0.521561 0.438398 0.084189 0.071869
0 0.477413 0.465092 0.045175 0.039014
0 0.335729 0.680698 0.069815 0.071869
0 0.283368 0.681725 0.059548 0.061602
0 0.261807 0.733060 0.078029 0.069815
0 0.233060 0.774127 0.078029 0.053388
0 0.198152 0.801848 0.082136 0.059548
0 0.182752 0.845996 0.092402 0.057495
0 0.275154 0.975359 0.047228 0.049281
0 0.319302 0.937372 0.078029 0.080082
0 0.383984 0.864476 0.075975 0.078029
0 0.432238 0.814168 0.094456 0.075975
0 0.479466 0.744353 0.090349 0.075975
0 0.531828 0.683778 0.059548 0.094456
0 0.592402 0.606776 0.082136 0.100616
0 0.640657 0.546201 0.084189 0.069815
0 0.772074 0.391170 0.108830 0.129363
0 0.820329 0.332649 0.086242 0.086242
0 0.864476 0.265914 0.067762 0.080082
0 0.908624 0.219713 0.069815 0.069815
0 0.946612 0.169405 0.080082 0.071869
0 0.973819 0.128337 0.052361 0.055441
0 0.966119 0.224846 0.041068 0.055441
0 0.504107 0.960986 0.086242 0.078028
0 0.557495 0.866530 0.098563 0.114990
0 0.562628 0.932238 0.067762 0.073922
0 0.663244 0.768994 0.063655 0.092402
0 0.707392 0.736140 0.045175 0.084189
0 0.744353 0.679671 0.102669 0.065708
0 0.793634 0.649897 0.065708 0.047228
0 0.824435 0.600616 0.065708 0.059548
0 0.861396 0.516427 0.106776 0.084189
0 0.850103 0.571869 0.071869 0.055441
0 0.922998 0.417864 0.065708 0.084189
0 0.979979 0.373717 0.040041 0.057495
0 0.966119 0.444559 0.057495 0.067762
0 0.689938 0.970226 0.084189 0.059548
0 0.744353 0.936345 0.098563 0.090349
0 0.803901 0.867556 0.065708 0.075975
0 0.831622 0.822382 0.080082 0.100616
0 0.882957 0.780287 0.084189 0.082136
0 0.940452 0.679671 0.112936 0.094456
0 0.979979 0.612936 0.040041 0.047228
0 0.952772 0.900411 0.080082 0.104723
0 0.049281 0.500000 0.096509 0.112936
0 0.156057 0.330595 0.141684 0.114990
0 0.249487 0.238193 0.114990 0.090349
0 0.315195 0.148871 0.082136 0.092402
0 0.393224 0.091376 0.069815 0.047228
0 0.403491 0.046201 0.061602 0.055441
0 0.452772 0.023614 0.086242 0.047228
0 0.240246 0.026694 0.112936 0.053388
0 0.120123 0.433265 0.049281 0.041068
0 0.017967 0.321355 0.035934 0.059548
0 0.055441 0.234086 0.096509 0.106776
0 0.116016 0.148871 0.073922 0.067762
0 0.163244 0.106776 0.098563 0.073922
0 0.221766 0.063655 0.051335 0.053388
0 0.056468 0.025667 0.090349 0.051334