0 0.129363 0.945585 0.071869 0.067762
0 0.174538 0.896304 0.047228 0.043121
0 0.210472 0.856263 0.057495 0.061602
0 0.231006 0.832649 0.049281 0.071869
0 0.282341 0.796715 0.061602 0.069815
0 0.332649 0.735113 0.059548 0.057495
0 0.359343 0.649897 0.080082 0.075975
0 0.430185 0.590349 0.065708 0.051335
0 0.475359 0.531828 0.053388 0.049281
0 0.510267 0.497947 0.078029 0.043121
0 0.580082 0.418891 0.069815 0.045175
0 0.608830 0.368583 0.061602 0.059548
0 0.660164 0.316222 0.053388 0.061602
0 0.712526 0.251540 0.063655 0.067762
0 0.753593 0.205339 0.059548 0.053388
0 0.810062 0.131417 0.057495 0.078029
0 0.849076 0.074949 0.069815 0.055441
0 0.895277 0.021561 0.059548 0.043121
0 0.082136 0.780287 0.063655 0.065708
0 0.132444 0.705339 0.073922 0.084189
0 0.208419 0.618070 0.073922 0.078029
0 0.284394 0.527721 0.098563 0.073922
0 0.323409 0.448665 0.090349 0.063655
0 0.392197 0.375770 0.067762 0.065708
0 0.431211 0.331622 0.080082 0.063655
0 0.495893 0.263860 0.061602 0.063655
0 0.557495 0.182752 0.098563 0.110883
0 0.632444 0.088296 0.096509 0.082136
0 0.695072 0.053388 0.073922 0.069815
0 0.495893 0.036961 0.090349 0.073922
0 0.398357 0.145791 0.112936 0.065708
0 0.353183 0.214579 0.063655 0.071869
0 0.302875 0.247433 0.082136 0.071869
0 0.270021 0.316222 0.078029 0.073922
0 0.210472 0.363450 0.098563 0.073922
0 0.156057 0.432238 0.055441 0.092402
0 0.099589 0.511294 0.082136 0.094456
0 0.046715 0.602669 0.093429 0.084189
0 0.024127 0.354209 0.048254 0.071869
0 0.055441 0.320329 0.051335 0.073922
0 0.140657 0.224846 0.082136 0.084189
0 0.165298 0.144764 0.090349 0.067762
0 0.210472 0.091376 0.078029 0.051335
0 0.264887 0.060575 0.080082 0.092402
0 0.319302 0.011294 0.073922 0.022587
0 0.124230 0.013347 0.041068 0.026694
0 0.079055 0.037988 0.061602 0.075975
0 0.027207 0.106776 0.054414 0.061602
0 0.032854 0.061602 0.043121 0.057495