0 0.349076 0.954825 0.080424 0.047912
0 0.331109 0.872690 0.078713 0.061602
0 0.392710 0.988535 0.058179 0.022930
0 0.433778 0.802533 0.085558 0.082136
0 0.503936 0.813655 0.020534 0.015400
0 0.526181 0.846167 0.044490 0.029090
0 0.609172 0.911191 0.039357 0.039357
0 0.616016 0.940281 0.100958 0.035934
0 0.599760 0.971937 0.044490 0.041068
0 0.643395 0.970226 0.049624 0.051335
0 0.692163 0.965435 0.051335 0.069130
0 0.870979 0.950548 0.053046 0.053046
0 0.924025 0.952259 0.066735 0.059890
0 0.748631 0.853867 0.068446 0.061602
0 0.727242 0.820500 0.073580 0.056468
0 0.683607 0.785421 0.088980 0.061602
0 0.644251 0.716975 0.068446 0.051335
0 0.596338 0.752909 0.099247 0.068446
0 0.578371 0.658795 0.070157 0.061602
0 0.480835 0.633128 0.070157 0.085558
0 0.528747 0.642539 0.059890 0.077002
0 0.547570 0.719541 0.063313 0.056468
0 0.629706 0.536448 0.053046 0.049624
0 0.714408 0.596338 0.034223 0.018823
0 0.745209 0.622005 0.061602 0.070157
0 0.805955 0.676762 0.059890 0.070157
0 0.853012 0.707563 0.044490 0.053046
0 0.862423 0.752053 0.053046 0.049624
0 0.926591 0.774298 0.068446 0.080424
0 0.923169 0.736653 0.037645 0.049624
0 0.942847 0.805955 0.080424 0.041068
0 0.977841 0.853867 0.044318 0.037645
0 0.976129 0.609172 0.047741 0.061602
0 0.908624 0.571526 0.077002 0.068446
0 0.842745 0.521047 0.054757 0.042779
0 0.809377 0.478268 0.053046 0.039357
0 0.848734 0.284908 0.035934 0.056468
0 0.878679 0.253251 0.023956 0.037645
0 0.894935 0.323409 0.077002 0.078713
0 0.936003 0.362765 0.049624 0.041068
0 0.930869 0.402122 0.035934 0.027379
0 0.965092 0.426934 0.049624 0.046201