0 0.149897 0.941478 0.075975 0.063655
0 0.229979 0.982546 0.051335 0.034908
0 0.068789 0.871663 0.053388 0.092402
0 0.010780 0.869610 0.021560 0.059548
0 0.145791 0.767967 0.063655 0.086242
0 0.116016 0.702259 0.082136 0.061602
0 0.043121 0.629363 0.047228 0.067762
0 0.029261 0.655031 0.058522 0.073922
0 0.016940 0.574949 0.033880 0.045175
0 0.068789 0.492813 0.078029 0.078029
0 0.166324 0.564682 0.055441 0.069815
0 0.210472 0.617043 0.049281 0.063655
0 0.251540 0.590349 0.078029 0.059548
0 0.313142 0.662218 0.069815 0.117043
0 0.338809 0.734086 0.088296 0.071869
0 0.443532 0.713552 0.067762 0.043121
0 0.532854 0.817248 0.110883 0.061602
0 0.563655 0.870637 0.086242 0.086242
0 0.431211 0.953799 0.075975 0.084189
0 0.295688 0.870637 0.075975 0.069815
0 0.671458 0.960986 0.084189 0.078028
0 0.892197 0.894251 0.032854 0.051335
0 0.946612 0.965092 0.051335 0.069815
0 0.860370 0.869610 0.043121 0.055441
0 0.818275 0.853183 0.053388 0.071869
0 0.746407 0.816222 0.065708 0.051335
0 0.761807 0.763860 0.067762 0.053388
0 0.669405 0.706366 0.071869 0.073922
0 0.585216 0.665298 0.059548 0.082136
0 0.537988 0.609856 0.071869 0.061602
0 0.493840 0.561602 0.049281 0.055441
0 0.422998 0.557495 0.043121 0.084189
0 0.386037 0.474333 0.055441 0.065708
0 0.309035 0.444559 0.086242 0.055441
0 0.294661 0.400411 0.061602 0.073922
0 0.238193 0.412731 0.067762 0.041068
0 0.247433 0.360370 0.049281 0.071869
0 0.206366 0.345996 0.090349 0.030801
0 0.185832 0.314168 0.061602 0.049281
0 0.180698 0.389117 0.067762 0.063655
0 0.098563 0.267967 0.043121 0.063655
0 0.102669 0.325462 0.059548 0.071869
0 0.033881 0.240246 0.061602 0.041068
0 0.324435 0.283368 0.055441 0.036961
0 0.370637 0.289528 0.078029 0.078029
0 0.253593 0.215606 0.069815 0.069815
0 0.532854 0.428131 0.061602 0.047228
0 0.584189 0.465092 0.078029 0.084189
0 0.664271 0.513347 0.073922 0.098563
0 0.759754 0.590349 0.080082 0.063655
0 0.817248 0.612936 0.051335 0.067762
0 0.837782 0.642710 0.104723 0.069815
0 0.889117 0.712526 0.071869 0.090349
0 0.945585 0.670431 0.045175 0.067762
0 0.935318 0.524641 0.073922 0.055441
0 0.811088 0.434292 0.067762 0.075975
0 0.800821 0.402464 0.055441 0.078029
0 0.759754 0.401437 0.067762 0.071869
0 0.673511 0.319302 0.055441 0.084189
0 0.628337 0.287474 0.039014 0.106776
0 0.585216 0.285421 0.063655 0.086242
0 0.524641 0.219713 0.078029 0.061602
0 0.485626 0.166324 0.073922 0.069815
0 0.332649 0.061602 0.075975 0.057495
0 0.279261 0.035934 0.075975 0.063655
0 0.220739 0.040041 0.053388 0.080082
0 0.179671 0.024641 0.061602 0.049281
0 0.489733 0.032854 0.045175 0.065708
0 0.573922 0.091376 0.069815 0.071869
0 0.541068 0.062628 0.061602 0.067762
0 0.657084 0.126283 0.080082 0.075975
0 0.716632 0.171458 0.067762 0.088296
0 0.755647 0.151951 0.059548 0.073922
0 0.792608 0.231006 0.100616 0.063655
0 0.831622 0.241273 0.075975 0.067762
0 0.859343 0.264887 0.086242 0.057495
0 0.925051 0.294661 0.049281 0.059548
0 0.965092 0.367556 0.051335 0.057495
0 0.976386 0.146817 0.045175 0.104723
0 0.931211 0.122177 0.069815 0.084189
0 0.771047 0.028747 0.090349 0.057494