0 0.048768 0.151951 0.097536 0.098563
0 0.092402 0.191992 0.063655 0.092402
0 0.186858 0.292608 0.084189 0.084189
0 0.259754 0.327515 0.098563 0.080082
0 0.306982 0.407598 0.069815 0.092402
0 0.370637 0.417864 0.086242 0.059548
0 0.401437 0.445585 0.090349 0.082136
0 0.474333 0.471253 0.075975 0.100616
0 0.512320 0.511294 0.082136 0.078029
0 0.560575 0.566735 0.100616 0.065708
0 0.694045 0.694045 0.080082 0.082136
0 0.911704 0.812115 0.063655 0.055441
0 0.963552 0.890144 0.072895 0.108830
0 0.917864 0.613963 0.080082 0.073922
0 0.899384 0.670431 0.084189 0.080082
0 0.967659 0.671458 0.064682 0.147844
0 0.800821 0.561602 0.067762 0.075975
0 0.850103 0.572895 0.059548 0.078029
0 0.526694 0.312115 0.073922 0.069815
0 0.541068 0.377823 0.069815 0.098563
0 0.429158 0.288501 0.080082 0.096509
0 0.321355 0.178645 0.061602 0.065708
0 0.277207 0.104723 0.059548 0.065708
0 0.219713 0.106776 0.092402 0.053388
0 0.149897 0.046201 0.051335 0.071869
0 0.095483 0.027721 0.045175 0.055441
0 0.210472 0.024641 0.065708 0.041068
0 0.795688 0.377823 0.049281 0.057495
0 0.862423 0.372690 0.063655 0.080082
0 0.978953 0.504107 0.042094 0.067762
0 0.894251 0.476386 0.082136 0.032854
0 0.962012 0.297741 0.065708 0.045175
0 0.972279 0.246407 0.045175 0.061602
0 0.890144 0.199179 0.073922 0.086242
0 0.746407 0.309035 0.053388 0.071869
0 0.716632 0.270021 0.067762 0.088296
0 0.688912 0.249487 0.073922 0.059548
0 0.613963 0.203285 0.080082 0.094456
0 0.537988 0.183778 0.067762 0.063655
0 0.564682 0.127310 0.092402 0.082136
0 0.404517 0.021561 0.075975 0.043121
0 0.670431 0.031828 0.086242 0.063655
0 0.710472 0.063655 0.071869 0.078029
0 0.771047 0.122177 0.061602 0.080082
0 0.841889 0.116016 0.059548 0.051335
0 0.890144 0.032854 0.061602 0.065708
0 0.924025 0.026694 0.055441 0.053388
0 0.962012 0.070842 0.053388 0.034908
0 0.717659 0.505133 0.041068 0.041068
0 0.598563 0.391170 0.041068 0.039014
0 0.143737 0.195072 0.055441 0.065708
0 0.011807 0.359343 0.023614 0.061602
0 0.046201 0.382957 0.065708 0.071869
0 0.094456 0.372690 0.051335 0.043121
0 0.077002 0.433265 0.045175 0.073922
0 0.181725 0.445585 0.069815 0.049281
0 0.168378 0.481520 0.051335 0.047228
0 0.210472 0.495893 0.069815 0.084189
0 0.262834 0.491786 0.059548 0.071869
0 0.298768 0.543121 0.065708 0.075975
0 0.258727 0.557495 0.071869 0.051335
0 0.272074 0.598563 0.073922 0.063655
0 0.319302 0.592402 0.041068 0.055441
0 0.361396 0.596509 0.055441 0.059548
0 0.413758 0.616016 0.065708 0.065708
0 0.332649 0.638604 0.063655 0.049281
0 0.369610 0.665298 0.043121 0.073922
0 0.402464 0.676591 0.047228 0.063655
0 0.464066 0.714579 0.043121 0.061602
0 0.495893 0.746407 0.049281 0.055441
0 0.529774 0.757700 0.034908 0.049281
0 0.586242 0.802875 0.041068 0.053388
0 0.629363 0.808008 0.045175 0.059548
0 0.588296 0.837782 0.073922 0.049281
0 0.674538 0.886037 0.036961 0.043121
0 0.702259 0.901437 0.063655 0.069815
0 0.738193 0.918891 0.082136 0.055441
0 0.501027 0.907598 0.075975 0.069815
0 0.503080 0.957906 0.063655 0.051335
0 0.449692 0.928131 0.043121 0.041068
0 0.453799 0.868583 0.067762 0.069815
0 0.334702 0.811088 0.055441 0.057495
0 0.374743 0.828542 0.061602 0.055441
0 0.408624 0.844969 0.055441 0.071869
0 0.243326 0.764887 0.073922 0.075975
0 0.240246 0.703285 0.039014 0.051335
0 0.164271 0.666324 0.063655 0.063655
0 0.183778 0.711499 0.053388 0.063655
0 0.133470 0.640657 0.043121 0.057495
0 0.083162 0.635524 0.082136 0.047228
0 0.047228 0.588296 0.055441 0.047228
0 0.027721 0.533881 0.053388 0.078029
0 0.090349 0.806982 0.059548 0.094456
0 0.128337 0.840862 0.061602 0.075975
0 0.170431 0.875770 0.063655 0.067762
0 0.198152 0.915811 0.078029 0.082136
0 0.332649 0.959959 0.117043 0.080082
0 0.031314 0.737166 0.062628 0.086242
0 0.585216 0.981520 0.051335 0.036960
0 0.044148 0.975359 0.057495 0.049281
0 0.016940 0.941478 0.033880 0.067762