0 0.133470 0.975359 0.059548 0.049281
0 0.077002 0.976386 0.069815 0.047228
0 0.027207 0.938398 0.054414 0.065708
0 0.022074 0.867556 0.044148 0.092402
0 0.162218 0.845996 0.075975 0.045175
0 0.122177 0.802875 0.078029 0.057495
0 0.091376 0.751540 0.086242 0.053388
0 0.028234 0.709446 0.056468 0.075975
0 0.292608 0.875770 0.057495 0.059548
0 0.280287 0.928131 0.069815 0.086242
0 0.347023 0.958932 0.071869 0.082136
0 0.434292 0.862423 0.106776 0.090349
0 0.514374 0.899384 0.057495 0.090349
0 0.550308 0.930185 0.059548 0.090349
0 0.606776 0.970226 0.073922 0.059548
0 0.740246 0.868583 0.053388 0.057495
0 0.810062 0.922998 0.073922 0.080082
0 0.912731 0.981520 0.061602 0.036960
0 0.967659 0.868583 0.064682 0.053388
0 0.909651 0.796715 0.055441 0.061602
0 0.832649 0.763860 0.073922 0.078029
0 0.790554 0.707392 0.071869 0.055441
0 0.650924 0.588296 0.063655 0.071869
0 0.565708 0.720739 0.069815 0.053388
0 0.661191 0.755647 0.063655 0.045175
0 0.618070 0.798768 0.071869 0.073922
0 0.677618 0.826489 0.084189 0.067762
0 0.445585 0.637577 0.092402 0.055441
0 0.349076 0.742300 0.080082 0.104723
0 0.304928 0.740246 0.094456 0.067762
0 0.227926 0.673511 0.063655 0.078029
0 0.173511 0.620123 0.086242 0.078029
0 0.140657 0.601643 0.078029 0.061602
0 0.144764 0.549281 0.065708 0.067762
0 0.055441 0.512320 0.084189 0.059548
0 0.051335 0.289528 0.067762 0.065708
0 0.065708 0.337782 0.043121 0.071869
0 0.098563 0.352156 0.067762 0.063655
0 0.127310 0.408624 0.084189 0.073922
0 0.280287 0.511294 0.073922 0.057495
0 0.306982 0.540041 0.073922 0.061602
0 0.340862 0.583162 0.096509 0.069815
0 0.381930 0.630390 0.080082 0.069815
0 0.957906 0.605749 0.049281 0.082136
0 0.909651 0.582136 0.063655 0.084189
0 0.865503 0.546201 0.061602 0.078029
0 0.833676 0.519507 0.059548 0.065708
0 0.721766 0.455852 0.053388 0.094456
0 0.558522 0.306982 0.059548 0.075975
0 0.486653 0.253593 0.051335 0.080082
0 0.463039 0.260780 0.036961 0.053388
0 0.419918 0.237166 0.061602 0.067762
0 0.401437 0.203285 0.065708 0.065708
0 0.331622 0.137577 0.082136 0.078029
0 0.274127 0.100616 0.069815 0.069815
0 0.197125 0.048255 0.067762 0.067762
0 0.171458 0.023614 0.065708 0.047228
0 0.070842 0.109856 0.065708 0.059548
0 0.175565 0.208419 0.073922 0.075975
0 0.217659 0.232033 0.063655 0.098563
0 0.263860 0.261807 0.061602 0.096509
0 0.316222 0.321355 0.075975 0.100616
0 0.370637 0.380903 0.065708 0.059548
0 0.421971 0.407598 0.049281 0.055441
0 0.521561 0.450719 0.084189 0.080082
0 0.561602 0.505133 0.065708 0.073922
0 0.899384 0.373717 0.084189 0.057495
0 0.815195 0.311088 0.071869 0.067762
0 0.749487 0.264887 0.051335 0.078029
0 0.634497 0.150924 0.092402 0.084189
0 0.559548 0.099589 0.069815 0.067762
0 0.537988 0.073922 0.100616 0.086242
0 0.686858 0.032854 0.069815 0.065708
0 0.755647 0.050308 0.080082 0.100616
0 0.896304 0.177618 0.065708 0.084189
0 0.939425 0.203285 0.082136 0.106776
0 0.945072 0.022587 0.109856 0.045174
0 0.403491 0.025667 0.057495 0.051334