0 0.362423 0.950719 0.094456 0.098562
0 0.158111 0.978439 0.096509 0.043121
0 0.100616 0.937372 0.043121 0.047228
0 0.031314 0.864476 0.062628 0.094456
0 0.108830 0.749487 0.063655 0.065708
0 0.155031 0.803901 0.057495 0.063655
0 0.046715 0.677618 0.093429 0.073922
0 0.017967 0.643737 0.035934 0.080082
0 0.095483 0.476386 0.086242 0.065708
0 0.097536 0.534908 0.045175 0.067762
0 0.124230 0.552361 0.073922 0.073922
0 0.172485 0.559548 0.055441 0.067762
0 0.204312 0.608830 0.069815 0.059548
0 0.259754 0.645791 0.078029 0.084189
0 0.318275 0.710472 0.043121 0.053388
0 0.354209 0.722793 0.061602 0.069815
0 0.412731 0.732033 0.088296 0.080082
0 0.497947 0.830595 0.106776 0.088296
0 0.552361 0.853183 0.067762 0.055441
0 0.609856 0.909651 0.092402 0.069815
0 0.674538 0.954825 0.073922 0.049281
0 0.683778 0.981520 0.145791 0.036960
0 0.976899 0.973306 0.046201 0.053388
0 0.894251 0.956879 0.036961 0.045175
0 0.860370 0.918891 0.084189 0.075975
0 0.823409 0.889117 0.080082 0.094456
0 0.787474 0.849076 0.061602 0.075975
0 0.711499 0.790554 0.061602 0.069815
0 0.635524 0.757700 0.082136 0.078029
0 0.493840 0.643737 0.078029 0.055441
0 0.471253 0.600616 0.090349 0.080082
0 0.416838 0.566735 0.071869 0.086242
0 0.366530 0.534908 0.073922 0.084189
0 0.271047 0.454825 0.075975 0.137577
0 0.223819 0.443532 0.088296 0.061602
0 0.166324 0.381930 0.039014 0.049281
0 0.122177 0.334702 0.061602 0.073922
0 0.095483 0.320329 0.061602 0.102669
0 0.035421 0.292608 0.070842 0.108830
0 0.125257 0.171458 0.084189 0.088296
0 0.201232 0.188912 0.051335 0.082136
0 0.239220 0.183778 0.078029 0.080082
0 0.281314 0.255647 0.067762 0.084189
0 0.410678 0.345996 0.063655 0.063655
0 0.458932 0.368583 0.065708 0.043121
0 0.489733 0.422998 0.078029 0.065708
0 0.536961 0.457906 0.082136 0.065708
0 0.598563 0.517454 0.061602 0.049281
0 0.641684 0.528747 0.061602 0.063655
0 0.686858 0.564682 0.090349 0.078029
0 0.727926 0.614990 0.065708 0.067762
0 0.780287 0.630390 0.051335 0.041068
0 0.823409 0.652977 0.071869 0.069815
0 0.860370 0.684805 0.047228 0.059548
0 0.908624 0.698152 0.061602 0.061602
0 0.929158 0.719713 0.057495 0.059548
0 0.955852 0.747433 0.053388 0.053388
0 0.892197 0.760780 0.086242 0.075975
0 0.936345 0.563655 0.075975 0.059548
0 0.893224 0.540041 0.075975 0.086242
0 0.806982 0.479466 0.071869 0.071869
0 0.726899 0.445585 0.034908 0.053388
0 0.735113 0.381930 0.059548 0.036961
0 0.736140 0.342916 0.053388 0.057495
0 0.660164 0.347023 0.049281 0.073922
0 0.586242 0.344969 0.045175 0.069815
0 0.490760 0.197125 0.055441 0.090349
0 0.436345 0.186858 0.078029 0.073922
0 0.338809 0.079055 0.071869 0.084189
0 0.542094 0.025667 0.071869 0.051334
0 0.610883 0.069815 0.036961 0.061602
0 0.742300 0.226899 0.078029 0.063655
0 0.781314 0.252567 0.045175 0.057495
0 0.863450 0.287474 0.028747 0.090349
0 0.881930 0.331622 0.082136 0.084189
0 0.930185 0.146817 0.059548 0.059548
0 0.879877 0.108830 0.082136 0.090349
0 0.835729 0.058522 0.063655 0.088296
0 0.788501 0.048255 0.059548 0.063655
0 0.755647 0.016427 0.059548 0.032854