0 0.568789 0.950719 0.096509 0.094456
0 0.211499 0.935318 0.055441 0.063655
0 0.221766 0.974333 0.088296 0.051334
0 0.143737 0.860370 0.051335 0.069815
0 0.114990 0.833676 0.071869 0.069815
0 0.031314 0.957906 0.062628 0.084188
0 0.021047 0.545175 0.042094 0.080082
0 0.074949 0.588296 0.049281 0.067762
0 0.127310 0.621150 0.075975 0.055441
0 0.180698 0.658111 0.088296 0.067762
0 0.217659 0.690965 0.092402 0.088296
0 0.260780 0.727926 0.112936 0.075975
0 0.850103 0.950719 0.084189 0.082136
0 0.762834 0.901437 0.106776 0.073922
0 0.725873 0.871663 0.090349 0.075975
0 0.675565 0.849076 0.080082 0.067762
0 0.575975 0.743326 0.082136 0.069815
0 0.513347 0.760780 0.071869 0.071869
0 0.440452 0.849076 0.057495 0.075975
0 0.508214 0.678645 0.082136 0.075975
0 0.439425 0.637577 0.043121 0.080082
0 0.389117 0.611910 0.061602 0.073922
0 0.277207 0.541068 0.071869 0.104723
0 0.121150 0.393224 0.080082 0.067762
0 0.162218 0.457906 0.055441 0.065708
0 0.047228 0.338809 0.051335 0.073922
0 0.032341 0.127310 0.064682 0.102669
0 0.372690 0.430185 0.073922 0.080082
0 0.470226 0.451745 0.063655 0.065708
0 0.543121 0.515400 0.098563 0.090349
0 0.586242 0.583162 0.086242 0.065708
0 0.655031 0.582136 0.080082 0.075975
0 0.681725 0.660164 0.108830 0.080082
0 0.773101 0.671458 0.069815 0.061602
0 0.837782 0.717659 0.043121 0.063655
0 0.767967 0.731006 0.067762 0.073922
0 0.844969 0.762834 0.073922 0.063655
0 0.885010 0.794661 0.080082 0.082136
0 0.907598 0.832649 0.055441 0.051335
0 0.959959 0.854209 0.057495 0.073922
0 0.950205 0.648871 0.099589 0.086242
0 0.828542 0.564682 0.102669 0.073922
0 0.803901 0.506160 0.073922 0.075975
0 0.745380 0.460986 0.067762 0.067762
0 0.703285 0.432238 0.069815 0.075975
0 0.624230 0.366530 0.092402 0.075975
0 0.597536 0.335729 0.088296 0.080082
0 0.475359 0.272074 0.078029 0.084189
0 0.436345 0.248460 0.045175 0.061602
0 0.371663 0.232033 0.051335 0.065708
0 0.320329 0.198152 0.047228 0.063655
0 0.309035 0.157084 0.086242 0.067762
0 0.037474 0.026694 0.074948 0.053388
0 0.089322 0.028747 0.057495 0.057494
0 0.522587 0.147844 0.098563 0.065708
0 0.624230 0.165298 0.080082 0.075975
0 0.734086 0.240246 0.049281 0.045175
0 0.737166 0.280287 0.092402 0.043121
0 0.792608 0.299795 0.088296 0.090349
0 0.878850 0.391170 0.055441 0.051335
0 0.952772 0.405544 0.075975 0.067762
0 0.965606 0.235113 0.068788 0.043121
0 0.864476 0.185832 0.075975 0.080082
0 0.797741 0.120123 0.073922 0.075975
0 0.702259 0.043121 0.063655 0.045175
0 0.676591 0.018480 0.065708 0.036960
0 0.960986 0.061602 0.075975 0.057495
0 0.275154 0.367556 0.075975 0.045175