0 0.447639 0.972279 0.117043 0.055441
0 0.349076 0.928131 0.075975 0.106776
0 0.280287 0.888090 0.057495 0.075975
0 0.227926 0.843943 0.047228 0.061602
0 0.084189 0.935318 0.100616 0.080082
0 0.165298 0.967146 0.078029 0.065708
0 0.030287 0.874743 0.060574 0.090349
0 0.071869 0.721766 0.067762 0.071869
0 0.046201 0.697125 0.069815 0.075975
0 0.017967 0.678645 0.035934 0.088296
0 0.096509 0.543121 0.071869 0.108830
0 0.136550 0.542094 0.065708 0.069815
0 0.193018 0.601643 0.063655 0.082136
0 0.224846 0.646817 0.082136 0.069815
0 0.265914 0.668378 0.082136 0.092402
0 0.408624 0.765914 0.096509 0.106776
0 0.457906 0.785421 0.092402 0.092402
0 0.510267 0.864476 0.082136 0.094456
0 0.622177 0.906571 0.080082 0.117043
0 0.699179 0.750513 0.078029 0.059548
0 0.699179 0.776181 0.057495 0.069815
0 0.591376 0.669405 0.096509 0.061602
0 0.524641 0.602669 0.086242 0.059548
0 0.408624 0.536961 0.096509 0.055441
0 0.168378 0.371663 0.080082 0.065708
0 0.025154 0.484600 0.050308 0.049281
0 0.063655 0.298768 0.051335 0.051335
0 0.036448 0.086242 0.072895 0.057495
0 0.090349 0.151951 0.059548 0.086242
0 0.180698 0.211499 0.075975 0.069815
0 0.291581 0.250513 0.059548 0.090349
0 0.348049 0.302875 0.078029 0.096509
0 0.395277 0.311088 0.082136 0.075975
0 0.575975 0.452772 0.098563 0.059548
0 0.616016 0.508214 0.075975 0.080082
0 0.648871 0.545175 0.075975 0.071869
0 0.753593 0.586242 0.047228 0.047228
0 0.886037 0.462012 0.061602 0.053388
0 0.917864 0.489733 0.055441 0.047228
0 0.800821 0.422998 0.063655 0.082136
0 0.748460 0.374743 0.106776 0.084189
0 0.587269 0.268994 0.055441 0.069815
0 0.674538 0.320329 0.045175 0.045175
0 0.551335 0.224846 0.057495 0.080082
0 0.487680 0.183778 0.078029 0.096509
0 0.495893 0.028747 0.078029 0.053388
0 0.543121 0.060575 0.065708 0.059548
0 0.593429 0.082136 0.051335 0.061602
0 0.658111 0.129363 0.078029 0.110883
0 0.836756 0.262834 0.110883 0.078029
0 0.903491 0.282341 0.096509 0.067762
0 0.928131 0.322382 0.075975 0.078029
0 0.970739 0.369610 0.058522 0.061602
0 0.436345 0.580082 0.049281 0.039014