0 0.047741 0.278234 0.095482 0.108830
0 0.095483 0.203285 0.065708 0.053388
0 0.177618 0.121150 0.086242 0.045175
0 0.227926 0.057495 0.112936 0.065708
0 0.092402 0.513347 0.088296 0.073922
0 0.111910 0.444559 0.069815 0.071869
0 0.166324 0.383984 0.071869 0.102669
0 0.238193 0.284394 0.071869 0.075975
0 0.279261 0.213552 0.067762 0.073922
0 0.318275 0.194045 0.067762 0.088296
0 0.371663 0.113963 0.104723 0.034908
0 0.462012 0.024641 0.084189 0.049281
0 0.634497 0.039014 0.067762 0.078028
0 0.590349 0.063655 0.073922 0.069815
0 0.562628 0.135524 0.067762 0.069815
0 0.506160 0.183778 0.098563 0.096509
0 0.441478 0.267967 0.071869 0.071869
0 0.404517 0.339836 0.071869 0.084189
0 0.364476 0.397331 0.073922 0.063655
0 0.312115 0.467146 0.071869 0.063655
0 0.255647 0.525667 0.069815 0.061602
0 0.213552 0.565708 0.088296 0.071869
0 0.155031 0.634497 0.049281 0.045175
0 0.130390 0.685832 0.053388 0.061602
0 0.170431 0.886037 0.108830 0.067762
0 0.221766 0.793634 0.071869 0.071869
0 0.270021 0.741273 0.073922 0.049281
0 0.351129 0.660164 0.080082 0.063655
0 0.382957 0.621150 0.065708 0.067762
0 0.427105 0.559548 0.096509 0.084189
0 0.503080 0.446612 0.080082 0.080082
0 0.671458 0.244353 0.080082 0.057495
0 0.737166 0.157084 0.067762 0.080082
0 0.779261 0.097536 0.086242 0.063655
0 0.854209 0.033881 0.051335 0.067762
0 0.960986 0.114990 0.055441 0.073922
0 0.915811 0.190965 0.047228 0.082136
0 0.814168 0.306982 0.094456 0.075975
0 0.743326 0.380903 0.034908 0.084189
0 0.685832 0.471253 0.071869 0.096509
0 0.642710 0.531828 0.088296 0.073922
0 0.609856 0.575975 0.071869 0.067762
0 0.575975 0.632444 0.065708 0.057495
0 0.530801 0.688912 0.082136 0.100616
0 0.310062 0.921971 0.067762 0.094456
0 0.533881 0.915811 0.096509 0.073922
0 0.572895 0.863450 0.063655 0.092402
0 0.414784 0.806982 0.067762 0.090349
0 0.445585 0.768994 0.063655 0.075975
0 0.630390 0.833676 0.055441 0.082136
0 0.654004 0.762834 0.061602 0.075975
0 0.706366 0.684805 0.096509 0.088296
0 0.755647 0.643737 0.080082 0.084189
0 0.793634 0.584189 0.057495 0.092402
0 0.831622 0.542094 0.071869 0.090349
0 0.876797 0.492813 0.071869 0.073922
0 0.891170 0.438398 0.096509 0.088296
0 0.947639 0.408624 0.086242 0.078029
0 0.981006 0.374743 0.037988 0.104723
0 0.872690 0.757700 0.084189 0.082136
0 0.843943 0.815195 0.088296 0.082136
0 0.789528 0.889117 0.061602 0.090349
0 0.716632 0.975359 0.096509 0.049281
0 0.968686 0.874743 0.062628 0.061602