0 0.046201 0.033881 0.086242 0.067762
0 0.015914 0.327515 0.031828 0.096509
0 0.059548 0.241273 0.063655 0.088296
0 0.102669 0.201232 0.100616 0.102669
0 0.154004 0.140657 0.071869 0.067762
0 0.193018 0.080082 0.080082 0.041068
0 0.240246 0.017454 0.071869 0.034908
0 0.045688 0.533881 0.091376 0.082136
0 0.032341 0.586242 0.064682 0.059548
0 0.101643 0.441478 0.078029 0.049281
0 0.169405 0.401437 0.073922 0.059548
0 0.195072 0.350103 0.100616 0.043121
0 0.240246 0.287474 0.071869 0.073922
0 0.267967 0.263860 0.082136 0.088296
0 0.301848 0.199179 0.071869 0.069815
0 0.351129 0.143737 0.075975 0.069815
0 0.376797 0.086242 0.094456 0.086242
0 0.443532 0.033881 0.039014 0.051335
0 0.672485 0.016427 0.053388 0.032854
0 0.621150 0.035934 0.090349 0.071868
0 0.592402 0.095483 0.086242 0.096509
0 0.527721 0.174538 0.117043 0.102669
0 0.478439 0.243326 0.100616 0.075975
0 0.419918 0.316222 0.073922 0.069815
0 0.389117 0.369610 0.078029 0.090349
0 0.330595 0.449692 0.112936 0.102669
0 0.351129 0.393224 0.063655 0.071869
0 0.240246 0.542094 0.067762 0.082136
0 0.205339 0.597536 0.075975 0.090349
0 0.159138 0.652977 0.065708 0.114990
0 0.121150 0.714579 0.075975 0.090349
0 0.083162 0.776181 0.082136 0.078029
0 0.035421 0.838809 0.070842 0.080082
0 0.142710 0.965092 0.078029 0.069815
0 0.213552 0.856263 0.088296 0.082136
0 0.317248 0.747433 0.078029 0.057495
0 0.368583 0.632444 0.073922 0.078029
0 0.402464 0.591376 0.080082 0.090349
0 0.441478 0.526694 0.092402 0.080082
0 0.489733 0.455852 0.082136 0.110883
0 0.531828 0.415811 0.088296 0.088296
0 0.578029 0.376797 0.090349 0.063655
0 0.616016 0.319302 0.080082 0.071869
0 0.660164 0.271047 0.061602 0.069815
0 0.700205 0.211499 0.080082 0.082136
0 0.796715 0.113963 0.067762 0.075975
0 0.832649 0.050308 0.065708 0.092402
0 0.872690 0.024641 0.075975 0.049281
0 0.981006 0.102669 0.037988 0.069815
0 0.956879 0.171458 0.051335 0.067762
0 0.939425 0.215606 0.061602 0.069815
0 0.855236 0.246407 0.086242 0.073922
0 0.873717 0.299795 0.086242 0.086242
0 0.812115 0.323409 0.086242 0.055441
0 0.796715 0.354209 0.075975 0.075975
0 0.740246 0.418891 0.069815 0.061602
0 0.706366 0.501027 0.088296 0.049281
0 0.647844 0.542094 0.082136 0.069815
0 0.631417 0.571869 0.082136 0.080082
0 0.557495 0.677618 0.078029 0.090349
0 0.529774 0.750513 0.063655 0.071869
0 0.471253 0.765914 0.073922 0.057495
0 0.459959 0.804928 0.084189 0.065708
0 0.406571 0.872690 0.075975 0.061602
0 0.368583 0.917864 0.078029 0.053388
0 0.324435 0.959959 0.088296 0.059548
0 0.520534 0.973306 0.106776 0.053388
0 0.565708 0.920945 0.073922 0.067762
0 0.599589 0.882957 0.063655 0.053388
0 0.624230 0.847023 0.067762 0.059548
0 0.678645 0.792608 0.078029 0.078029
0 0.701232 0.742300 0.094456 0.059548
0 0.741273 0.708419 0.075975 0.049281
0 0.758727 0.636550 0.065708 0.069815
0 0.828542 0.563655 0.061602 0.055441
0 0.865503 0.511294 0.114990 0.073922
0 0.931211 0.453799 0.041068 0.057495
0 0.974846 0.375770 0.050308 0.053388
0 0.979979 0.610883 0.040041 0.051335
0 0.946612 0.681725 0.096509 0.061602
0 0.839836 0.816222 0.075975 0.067762
0 0.801848 0.876797 0.069815 0.057495
0 0.770021 0.944559 0.075975 0.045175
0 0.699179 0.979466 0.098563 0.041068
0 0.918891 0.977413 0.094456 0.045174