0 0.030287 0.091376 0.060574 0.084189
0 0.102669 0.031828 0.125257 0.059548
0 0.301848 0.029774 0.190965 0.059548
0 0.178645 0.146817 0.067762 0.051335
0 0.151951 0.201232 0.080082 0.057495
0 0.082136 0.233060 0.071869 0.051335
0 0.033881 0.349076 0.053388 0.073922
0 0.102669 0.488706 0.084189 0.069815
0 0.078029 0.537988 0.084189 0.065708
0 0.032854 0.587269 0.055441 0.045175
0 0.038501 0.640657 0.077002 0.073922
0 0.136550 0.442505 0.069815 0.067762
0 0.160164 0.396304 0.080082 0.069815
0 0.197125 0.380903 0.063655 0.075975
0 0.255647 0.315195 0.090349 0.063655
0 0.295688 0.263860 0.059548 0.059548
0 0.333676 0.203285 0.069815 0.086242
0 0.446612 0.095483 0.057495 0.080082
0 0.664271 0.092402 0.069815 0.036961
0 0.697125 0.049281 0.069815 0.057495
0 0.726899 0.011294 0.084189 0.022587
0 0.618070 0.143737 0.080082 0.082136
0 0.580082 0.167351 0.069815 0.063655
0 0.574949 0.203285 0.051335 0.061602
0 0.540041 0.232033 0.071869 0.053388
0 0.477413 0.304928 0.082136 0.047228
0 0.434292 0.363450 0.098563 0.090349
0 0.354209 0.454825 0.110883 0.096509
0 0.266940 0.555441 0.092402 0.108830
0 0.233060 0.630390 0.119097 0.061602
0 0.171458 0.679671 0.073922 0.049281
0 0.139630 0.719713 0.088296 0.055441
0 0.124230 0.774127 0.078029 0.069815
0 0.180698 0.945585 0.117043 0.071869
0 0.205339 0.880903 0.080082 0.069815
0 0.257700 0.835729 0.086242 0.065708
0 0.332649 0.745380 0.063655 0.065708
0 0.378850 0.681725 0.057495 0.073922
0 0.439425 0.597536 0.059548 0.086242
0 0.496920 0.550308 0.071869 0.082136
0 0.599589 0.407598 0.071869 0.051335
0 0.651951 0.327515 0.045175 0.055441
0 0.685832 0.287474 0.092402 0.065708
0 0.758727 0.231006 0.053388 0.055441
0 0.791581 0.158111 0.069815 0.049281
0 0.822382 0.081109 0.053388 0.071869
0 0.882957 0.104723 0.063655 0.049281
0 0.935318 0.024641 0.041068 0.049281
0 0.966632 0.199179 0.066735 0.069815
0 0.931211 0.235113 0.065708 0.055441
0 0.887064 0.287474 0.104723 0.106776
0 0.781314 0.446612 0.069815 0.051335
0 0.750513 0.462012 0.078029 0.073922
0 0.739220 0.501027 0.080082 0.065708
0 0.658111 0.586242 0.090349 0.067762
0 0.630390 0.633470 0.059548 0.084189
0 0.584189 0.670431 0.069815 0.055441
0 0.582136 0.716632 0.073922 0.110883
0 0.511294 0.782341 0.071869 0.078029
0 0.464066 0.830595 0.059548 0.071869
0 0.394251 0.927105 0.100616 0.055441
0 0.344969 0.983573 0.088296 0.032854
0 0.605749 0.889117 0.088296 0.082136
0 0.723819 0.775154 0.102669 0.080082
0 0.751540 0.704312 0.084189 0.073922
0 0.781314 0.670431 0.069815 0.067762
0 0.841889 0.628337 0.080082 0.094456
0 0.871663 0.569815 0.098563 0.092402
0 0.964579 0.685832 0.070842 0.078029
0 0.939425 0.749487 0.086242 0.082136
0 0.883984 0.804928 0.090349 0.086242
0 0.839836 0.868583 0.088296 0.065708
0 0.804928 0.899384 0.096509 0.057495
0 0.754620 0.978439 0.090349 0.043121
0 0.956879 0.956879 0.084189 0.086242
0 0.975873 0.918891 0.048254 0.067762