0 0.035421 0.114990 0.070842 0.078029
0 0.022074 0.196099 0.044148 0.059548
0 0.078029 0.067762 0.055441 0.061602
0 0.128337 0.033881 0.078029 0.051335
0 0.300821 0.060575 0.082136 0.063655
0 0.337782 0.031828 0.069815 0.063655
0 0.210472 0.164271 0.045175 0.110883
0 0.131417 0.270021 0.055441 0.059548
0 0.090349 0.298768 0.075975 0.075975
0 0.063655 0.358316 0.075975 0.075975
0 0.431211 0.126283 0.067762 0.071869
0 0.477413 0.064682 0.078029 0.063655
0 0.604723 0.029774 0.102669 0.059548
0 0.395277 0.187885 0.078029 0.063655
0 0.344969 0.235113 0.071869 0.075975
0 0.301848 0.260780 0.067762 0.090349
0 0.252567 0.336756 0.067762 0.090349
0 0.226899 0.395277 0.090349 0.084189
0 0.178645 0.442505 0.059548 0.067762
0 0.148871 0.477413 0.082136 0.063655
0 0.105749 0.537988 0.078029 0.061602
0 0.063655 0.575975 0.080082 0.055441
0 0.040041 0.626283 0.065708 0.069815
0 0.032341 0.668378 0.064682 0.080082
0 0.696099 0.071869 0.092402 0.061602
0 0.647844 0.131417 0.053388 0.082136
0 0.586242 0.179671 0.086242 0.092402
0 0.543121 0.266940 0.069815 0.065708
0 0.448665 0.353183 0.078029 0.061602
0 0.363450 0.468172 0.108830 0.069815
0 0.319302 0.530801 0.069815 0.067762
0 0.236140 0.635524 0.071869 0.039014
0 0.163244 0.690965 0.065708 0.067762
0 0.112936 0.751540 0.108830 0.098563
0 0.050308 0.834702 0.082136 0.088296
0 0.043121 0.895277 0.051335 0.073922
0 0.172485 0.962012 0.088296 0.075975
0 0.207392 0.912731 0.067762 0.080082
0 0.257700 0.845996 0.061602 0.082136
0 0.289528 0.789528 0.080082 0.092402
0 0.362423 0.742300 0.053388 0.088296
0 0.373717 0.679671 0.059548 0.073922
0 0.408624 0.645791 0.092402 0.071869
0 0.465092 0.621150 0.049281 0.071869
0 0.494867 0.548255 0.080082 0.078029
0 0.582136 0.464066 0.061602 0.082136
0 0.553388 0.482546 0.065708 0.061602
0 0.656057 0.378850 0.106776 0.112936
0 0.699179 0.333676 0.061602 0.084189
0 0.747433 0.251540 0.075975 0.100616
0 0.795688 0.204312 0.032854 0.047228
0 0.870637 0.123203 0.075975 0.065708
0 0.883984 0.078029 0.065708 0.065708
0 0.926078 0.036961 0.088296 0.073922
0 0.965606 0.252567 0.068788 0.106776
0 0.827515 0.427105 0.063655 0.086242
0 0.710472 0.558522 0.096509 0.065708
0 0.664271 0.632444 0.086242 0.102669
0 0.590349 0.723819 0.086242 0.100616
0 0.505133 0.814168 0.075975 0.092402
0 0.448665 0.896304 0.106776 0.071869
0 0.401437 0.935318 0.110883 0.063655
0 0.564682 0.960986 0.084189 0.078028
0 0.621150 0.900411 0.049281 0.063655
0 0.702259 0.803901 0.075975 0.084189
0 0.759754 0.753593 0.051335 0.094456
0 0.817248 0.708419 0.059548 0.073922
0 0.878850 0.618070 0.059548 0.090349
0 0.918891 0.566735 0.065708 0.061602
0 0.960986 0.517454 0.059548 0.061602
0 0.962526 0.455852 0.074948 0.090349
0 0.952772 0.748460 0.084189 0.129363
0 0.906571 0.816222 0.065708 0.059548
0 0.869610 0.862423 0.086242 0.090349