0 0.042608 0.914784 0.085216 0.067762
0 0.138604 0.794661 0.143737 0.127310
0 0.221766 0.703285 0.096509 0.075975
0 0.280287 0.651951 0.086242 0.104723
0 0.297741 0.587269 0.063655 0.065708
0 0.324435 0.545175 0.092402 0.088296
0 0.380903 0.493840 0.069815 0.092402
0 0.438398 0.415811 0.082136 0.121150
0 0.482546 0.349076 0.047228 0.073922
0 0.544148 0.294661 0.088296 0.080082
0 0.584189 0.245380 0.049281 0.080082
0 0.641684 0.190965 0.073922 0.086242
0 0.672485 0.147844 0.102669 0.069815
0 0.674538 0.090349 0.090349 0.065708
0 0.745380 0.052361 0.071869 0.039014
0 0.773101 0.026694 0.078029 0.053388
0 0.947125 0.027721 0.105749 0.055441
0 0.911704 0.099589 0.084189 0.055441
0 0.869610 0.169405 0.069815 0.088296
0 0.827515 0.202259 0.063655 0.084189
0 0.794661 0.242300 0.067762 0.086242
0 0.776181 0.301848 0.071869 0.078029
0 0.706366 0.371663 0.067762 0.069815
0 0.672485 0.388090 0.102669 0.110883
0 0.628337 0.441478 0.075975 0.078029
0 0.604723 0.494867 0.082136 0.114990
0 0.579055 0.543121 0.080082 0.096509
0 0.518480 0.626283 0.078029 0.065708
0 0.457906 0.640657 0.092402 0.114990
0 0.425051 0.700205 0.100616 0.078029
0 0.410678 0.732033 0.071869 0.055441
0 0.379877 0.788501 0.080082 0.090349
0 0.339836 0.803901 0.069815 0.067762
0 0.321355 0.862423 0.106776 0.090349
0 0.265914 0.921971 0.102669 0.082136
0 0.213552 0.978439 0.055441 0.043121
0 0.394251 0.970226 0.075975 0.059548
0 0.468172 0.917864 0.096509 0.078029
0 0.519507 0.870637 0.100616 0.094456
0 0.567762 0.827515 0.094456 0.078029
0 0.607803 0.773101 0.084189 0.088296
0 0.646817 0.706366 0.080082 0.069815
0 0.685832 0.658111 0.080082 0.088296
0 0.770021 0.530801 0.096509 0.104723
0 0.836756 0.460986 0.069815 0.084189
0 0.871663 0.404517 0.069815 0.065708
0 0.960472 0.317248 0.079055 0.108830
0 0.974846 0.530801 0.050308 0.051335
0 0.940452 0.582136 0.071869 0.096509
0 0.897331 0.623203 0.096509 0.092402
0 0.862423 0.667351 0.071869 0.090349
0 0.802875 0.743326 0.100616 0.082136
0 0.759754 0.790554 0.108830 0.090349
0 0.718686 0.852156 0.104723 0.090349
0 0.662218 0.914784 0.090349 0.104723
0 0.610883 0.974333 0.119097 0.051334
0 0.804928 0.984600 0.071869 0.030800
0 0.825462 0.940452 0.055441 0.061602
0 0.867556 0.900411 0.057495 0.059548
0 0.892197 0.850103 0.061602 0.078029
0 0.945585 0.812115 0.069815 0.084189
0 0.973819 0.770021 0.052361 0.082136
0 0.599589 0.022587 0.063655 0.045174
0 0.523614 0.072895 0.059548 0.084189
0 0.481520 0.129363 0.078029 0.073922
0 0.388090 0.231006 0.071869 0.092402
0 0.317248 0.306982 0.073922 0.088296
0 0.258727 0.383984 0.075975 0.106776
0 0.183778 0.455852 0.090349 0.090349
0 0.138604 0.526694 0.086242 0.067762
0 0.077002 0.613963 0.106776 0.078029
0 0.033881 0.634497 0.065708 0.123203
0 0.036448 0.438398 0.072895 0.075975
0 0.048255 0.377823 0.057495 0.057495
0 0.072895 0.328542 0.065708 0.086242
0 0.142710 0.270021 0.086242 0.104723
0 0.222793 0.149897 0.098563 0.106776
0 0.301848 0.107803 0.096509 0.108830
0 0.352156 0.035934 0.082136 0.071868
0 0.156057 0.045175 0.112936 0.090349
0 0.049795 0.135524 0.099589 0.086242
0 0.041068 0.191992 0.063655 0.063655
0 0.012834 0.216632 0.025667 0.051335