0 0.021047 0.779261 0.042094 0.063655
0 0.068789 0.695072 0.094456 0.088296
0 0.112936 0.645791 0.051335 0.051335
0 0.151951 0.603696 0.051335 0.069815
0 0.191992 0.571869 0.061602 0.092402
0 0.217659 0.526694 0.063655 0.096509
0 0.250513 0.490760 0.071869 0.082136
0 0.279261 0.410678 0.055441 0.069815
0 0.316222 0.385010 0.075975 0.096509
0 0.347023 0.329569 0.051335 0.067762
0 0.378850 0.278234 0.082136 0.080082
0 0.449692 0.231006 0.080082 0.088296
0 0.485626 0.182752 0.078029 0.090349
0 0.572895 0.102669 0.088296 0.078029
0 0.596509 0.046201 0.073922 0.067762
0 0.626283 0.023614 0.075975 0.047228
0 0.784394 0.099589 0.075975 0.075975
0 0.824435 0.046201 0.069815 0.071869
0 0.854209 0.026694 0.071869 0.053388
0 0.698152 0.179671 0.088296 0.088296
0 0.619097 0.251540 0.098563 0.141684
0 0.524641 0.373717 0.078029 0.086242
0 0.482546 0.405544 0.121150 0.092402
0 0.444559 0.509240 0.078029 0.073922
0 0.399384 0.561602 0.057495 0.071869
0 0.369610 0.592402 0.080082 0.088296
0 0.316222 0.649897 0.088296 0.096509
0 0.239220 0.733060 0.065708 0.061602
0 0.205339 0.786448 0.080082 0.073922
0 0.169405 0.841889 0.119097 0.073922
0 0.101643 0.899384 0.114990 0.098563
0 0.057495 0.958932 0.088296 0.082136
0 0.259754 0.986653 0.086242 0.026694
0 0.288501 0.949692 0.053388 0.059548
0 0.335729 0.901437 0.073922 0.082136
0 0.386037 0.838809 0.100616 0.080082
0 0.432238 0.774127 0.069815 0.090349
0 0.482546 0.715606 0.071869 0.096509
0 0.524641 0.632444 0.053388 0.094456
0 0.581109 0.582136 0.071869 0.096509
0 0.637577 0.507187 0.065708 0.102669
0 0.691992 0.472279 0.067762 0.086242
0 0.758727 0.374743 0.082136 0.080082
0 0.796715 0.317248 0.100616 0.063655
0 0.835729 0.253593 0.075975 0.075975
0 0.876797 0.198152 0.067762 0.059548
0 0.934292 0.154004 0.104723 0.078029
0 0.962526 0.090349 0.074948 0.057495
0 0.376797 0.061602 0.114990 0.114990
0 0.308008 0.179671 0.092402 0.084189
0 0.258727 0.224846 0.071869 0.067762
0 0.184805 0.285421 0.100616 0.094456
0 0.121150 0.354209 0.100616 0.133470
0 0.077002 0.416838 0.086242 0.102669
0 0.037474 0.483573 0.074948 0.084189
0 0.020021 0.249487 0.040041 0.096509
0 0.077002 0.212526 0.094456 0.063655
0 0.118070 0.139630 0.086242 0.110883
0 0.139630 0.078029 0.084189 0.061602
0 0.207392 0.043121 0.075975 0.065708
0 0.451745 0.970226 0.108830 0.059548
0 0.555441 0.859343 0.090349 0.067762
0 0.625257 0.764887 0.123203 0.071869
0 0.708419 0.694045 0.117043 0.082136
0 0.757700 0.616016 0.129363 0.082136
0 0.822382 0.541068 0.131417 0.088296
0 0.829569 0.492813 0.047228 0.061602
0 0.898357 0.440452 0.082136 0.071869
0 0.967659 0.352156 0.064682 0.071869
0 0.964579 0.604723 0.070842 0.075975
0 0.936345 0.684805 0.080082 0.084189
0 0.886037 0.714579 0.090349 0.086242
0 0.838809 0.786448 0.106776 0.065708
0 0.783368 0.848049 0.090349 0.073922
0 0.722793 0.910678 0.092402 0.059548
0 0.675565 0.960986 0.071869 0.078028
0 0.859343 0.977413 0.090349 0.045174
0 0.908624 0.935318 0.078029 0.080082
0 0.947125 0.892197 0.105749 0.080082
0 0.964579 0.836756 0.070842 0.108830