0 0.038501 0.281314 0.077002 0.086242
0 0.025154 0.338809 0.050308 0.078029
0 0.030287 0.034908 0.060574 0.069815
0 0.182752 0.086242 0.125257 0.098563
0 0.308008 0.021561 0.075975 0.043121
0 0.501027 0.029774 0.088296 0.059548
0 0.403491 0.083162 0.057495 0.084189
0 0.365503 0.128337 0.108830 0.104723
0 0.320329 0.219713 0.104723 0.123203
0 0.221766 0.302875 0.121150 0.067762
0 0.176591 0.399384 0.075975 0.063655
0 0.125257 0.455852 0.100616 0.065708
0 0.060575 0.496920 0.065708 0.065708
0 0.030287 0.579055 0.060574 0.094456
0 0.029261 0.800821 0.058522 0.110883
0 0.067762 0.728953 0.075975 0.090349
0 0.126283 0.660164 0.082136 0.100616
0 0.191992 0.597536 0.078029 0.090349
0 0.250513 0.524641 0.100616 0.108830
0 0.315195 0.450719 0.094456 0.096509
0 0.361396 0.380903 0.092402 0.096509
0 0.418891 0.311088 0.063655 0.100616
0 0.464066 0.271047 0.075975 0.098563
0 0.511294 0.191992 0.080082 0.080082
0 0.550308 0.148871 0.047228 0.055441
0 0.588296 0.108830 0.078029 0.069815
0 0.637577 0.061602 0.065708 0.082136
0 0.702259 0.024641 0.108830 0.049281
0 0.860370 0.032854 0.063655 0.065708
0 0.839836 0.084189 0.088296 0.065708
0 0.756674 0.165298 0.073922 0.067762
0 0.734086 0.216632 0.078029 0.067762
0 0.688912 0.285421 0.069815 0.053388
0 0.633470 0.359343 0.106776 0.086242
0 0.571869 0.413758 0.061602 0.039014
0 0.537988 0.460986 0.071869 0.063655
0 0.493840 0.516427 0.073922 0.055441
0 0.453799 0.557495 0.096509 0.075975
0 0.390144 0.627310 0.075975 0.084189
0 0.326489 0.683778 0.084189 0.073922
0 0.283368 0.752567 0.092402 0.100616
0 0.213552 0.836756 0.051335 0.059548
0 0.068789 0.952772 0.106776 0.094456
0 0.166324 0.889117 0.071869 0.049281
0 0.066735 0.762834 0.065708 0.084189
0 0.962526 0.163244 0.074948 0.100616
0 0.851129 0.327515 0.078029 0.084189
0 0.787474 0.362423 0.086242 0.051335
0 0.788501 0.408624 0.071869 0.061602
0 0.729979 0.450719 0.086242 0.080082
0 0.667351 0.503080 0.080082 0.086242
0 0.665298 0.546201 0.071869 0.078029
0 0.592402 0.597536 0.082136 0.073922
0 0.552361 0.678645 0.088296 0.067762
0 0.483573 0.761807 0.078029 0.065708
0 0.444559 0.780287 0.061602 0.065708
0 0.403491 0.813142 0.073922 0.061602
0 0.364476 0.901437 0.069815 0.086242
0 0.309035 0.940452 0.061602 0.082136
0 0.555441 0.762834 0.053388 0.055441