0 0.357290 0.974333 0.104723 0.051334
0 0.306982 0.937372 0.082136 0.071869
0 0.244353 0.898357 0.063655 0.080082
0 0.189938 0.835729 0.078029 0.065708
0 0.113963 0.749487 0.082136 0.065708
0 0.038501 0.676591 0.077002 0.055441
0 0.087269 0.806982 0.098563 0.065708
0 0.044661 0.935318 0.089322 0.075975
0 0.091376 0.973306 0.106776 0.053388
0 0.449692 0.835729 0.051335 0.073922
0 0.355236 0.779261 0.121150 0.080082
0 0.267967 0.703285 0.082136 0.059548
0 0.238193 0.661191 0.067762 0.069815
0 0.026181 0.482546 0.052361 0.082136
0 0.138604 0.358316 0.057495 0.043121
0 0.058522 0.322382 0.073922 0.061602
0 0.027207 0.298768 0.054414 0.059548
0 0.026181 0.256674 0.052361 0.078029
0 0.066735 0.169405 0.065708 0.063655
0 0.178645 0.196099 0.051335 0.047228
0 0.227926 0.237166 0.084189 0.059548
0 0.227926 0.284394 0.047228 0.055441
0 0.302875 0.299795 0.069815 0.053388
0 0.333676 0.343943 0.078029 0.071869
0 0.373717 0.382957 0.055441 0.055441
0 0.492813 0.450719 0.071869 0.084189
0 0.523614 0.513347 0.075975 0.069815
0 0.743326 0.658111 0.112936 0.059548
0 0.781314 0.688912 0.090349 0.059548
0 0.874743 0.790554 0.071869 0.061602
0 0.921971 0.819302 0.063655 0.090349
0 0.959959 0.836756 0.049281 0.063655
0 0.815195 0.921971 0.055441 0.041068
0 0.852156 0.955852 0.059548 0.047228
0 0.880903 0.978439 0.096509 0.043121
0 0.764887 0.876797 0.061602 0.078029
0 0.719713 0.853183 0.082136 0.063655
0 0.487680 0.664271 0.053388 0.084189
0 0.456879 0.645791 0.073922 0.063655
0 0.419918 0.580082 0.061602 0.051335
0 0.359343 0.553388 0.071869 0.084189
0 0.284394 0.504107 0.049281 0.051335
0 0.274127 0.460986 0.065708 0.047228
0 0.202259 0.440452 0.053388 0.047228
0 0.445585 0.259754 0.051335 0.039014
0 0.430185 0.220739 0.073922 0.047228
0 0.414784 0.166324 0.067762 0.053388
0 0.354209 0.156057 0.049281 0.049281
0 0.313142 0.114990 0.086242 0.061602
0 0.266940 0.073922 0.055441 0.069815
0 0.673511 0.401437 0.071869 0.071869
0 0.603696 0.327515 0.075975 0.055441
0 0.517454 0.284394 0.096509 0.063655
0 0.645791 0.172485 0.086242 0.082136
0 0.555441 0.109856 0.119097 0.055441
0 0.552361 0.060575 0.063655 0.059548
0 0.496920 0.037988 0.084189 0.075975
0 0.650924 0.016427 0.051335 0.032854
0 0.724846 0.027721 0.080082 0.055441
0 0.833676 0.133470 0.055441 0.090349
0 0.940452 0.200205 0.047228 0.043121
0 0.969713 0.065708 0.060574 0.069815
0 0.752567 0.247433 0.069815 0.096509
0 0.816222 0.276181 0.053388 0.047228
0 0.808008 0.315195 0.086242 0.075975
0 0.872690 0.334702 0.080082 0.069815
0 0.889117 0.402464 0.084189 0.069815
0 0.962012 0.420945 0.061602 0.098563
0 0.953799 0.475359 0.057495 0.055441
0 0.873717 0.559548 0.061602 0.047228
0 0.928131 0.607803 0.104723 0.094456
0 0.762834 0.460986 0.053388 0.075975
0 0.586242 0.966119 0.094456 0.063655