0 0.049281 0.869610 0.092402 0.063655
0 0.081109 0.950719 0.065708 0.069815
0 0.263860 0.822382 0.073922 0.055441
0 0.268994 0.864476 0.051335 0.078029
0 0.305955 0.864476 0.055441 0.069815
0 0.395277 0.934292 0.061602 0.069815
0 0.430185 0.973306 0.053388 0.049281
0 0.548255 0.843943 0.080082 0.069815
0 0.634497 0.955852 0.088296 0.088296
0 0.866530 0.940452 0.088296 0.061602
0 0.783368 0.837782 0.053388 0.061602
0 0.726899 0.810062 0.088296 0.063655
0 0.666324 0.777207 0.045175 0.059548
0 0.584189 0.724846 0.057495 0.057495
0 0.545175 0.656057 0.061602 0.071869
0 0.509240 0.624230 0.071869 0.069815
0 0.457906 0.616016 0.063655 0.053388
0 0.421971 0.544148 0.065708 0.049281
0 0.375770 0.510267 0.067762 0.067762
0 0.315195 0.479466 0.053388 0.075975
0 0.270021 0.472279 0.065708 0.041068
0 0.183778 0.357290 0.061602 0.061602
0 0.159138 0.413758 0.090349 0.084189
0 0.105749 0.317248 0.094456 0.084189
0 0.024127 0.253593 0.048254 0.043121
0 0.083162 0.100616 0.069815 0.069815
0 0.182752 0.131417 0.067762 0.073922
0 0.209446 0.195072 0.080082 0.045175
0 0.252567 0.241273 0.084189 0.067762
0 0.337782 0.268994 0.061602 0.057495
0 0.385010 0.321355 0.094456 0.067762
0 0.433265 0.353183 0.059548 0.061602
0 0.477413 0.388090 0.065708 0.065708
0 0.513347 0.432238 0.088296 0.063655
0 0.542094 0.464066 0.092402 0.078029
0 0.586242 0.491786 0.110883 0.084189
0 0.686858 0.584189 0.057495 0.047228
0 0.714579 0.608830 0.080082 0.051335
0 0.777207 0.620123 0.045175 0.086242
0 0.824435 0.669405 0.073922 0.082136
0 0.865503 0.718686 0.069815 0.086242
0 0.898357 0.734086 0.086242 0.063655
0 0.952772 0.778234 0.071869 0.061602
0 0.945585 0.579055 0.069815 0.045175
0 0.781314 0.438398 0.053388 0.063655
0 0.743326 0.401437 0.075975 0.051335
0 0.660164 0.348049 0.078029 0.096509
0 0.567762 0.267967 0.065708 0.067762
0 0.504107 0.241273 0.061602 0.071869
0 0.468172 0.206366 0.051335 0.063655
0 0.422998 0.146817 0.071869 0.088296
0 0.336756 0.113963 0.063655 0.059548
0 0.306982 0.064682 0.069815 0.059548
0 0.199179 0.017454 0.063655 0.034908
0 0.402464 0.019507 0.030801 0.039014
0 0.522587 0.040041 0.057495 0.080082
0 0.563655 0.058522 0.061602 0.063655
0 0.640657 0.121150 0.063655 0.078029
0 0.748460 0.048255 0.078029 0.071869
0 0.855236 0.103696 0.086242 0.100616
0 0.921971 0.145791 0.051335 0.065708
0 0.957906 0.158111 0.069815 0.127310
0 0.828542 0.261807 0.057495 0.067762
0 0.106776 0.145791 0.034908 0.057495
0 0.013860 0.068789 0.027720 0.075975
0 0.430185 0.789528 0.073922 0.047228
0 0.378850 0.734086 0.069815 0.063655
0 0.302875 0.705339 0.049281 0.055441
0 0.273101 0.652977 0.084189 0.078029
0 0.208419 0.613963 0.069815 0.069815
0 0.172485 0.567762 0.084189 0.075975
0 0.125257 0.524641 0.055441 0.075975
0 0.034908 0.463039 0.051335 0.075975
0 0.068789 0.484600 0.049281 0.078029
0 0.098563 0.718686 0.055441 0.057495
0 0.032854 0.678645 0.059548 0.063655