0 0.369610 0.953799 0.088296 0.075975
0 0.341889 0.902464 0.082136 0.063655
0 0.219713 0.785421 0.043121 0.067762
0 0.204312 0.778234 0.078029 0.069815
0 0.069815 0.691992 0.067762 0.053388
0 0.095483 0.489733 0.049281 0.055441
0 0.136550 0.506160 0.065708 0.063655
0 0.182752 0.524641 0.047228 0.067762
0 0.237166 0.590349 0.078029 0.071869
0 0.383984 0.736140 0.059548 0.067762
0 0.442505 0.759754 0.078029 0.061602
0 0.464066 0.810062 0.092402 0.075975
0 0.520534 0.855236 0.098563 0.075975
0 0.609856 0.917864 0.084189 0.073922
0 0.691992 0.757700 0.108830 0.110883
0 0.489733 0.597536 0.065708 0.086242
0 0.428131 0.550308 0.057495 0.069815
0 0.354209 0.471253 0.073922 0.047228
0 0.261807 0.425051 0.086242 0.078029
0 0.235113 0.388090 0.061602 0.061602
0 0.168378 0.341889 0.080082 0.088296
0 0.098563 0.299795 0.047228 0.073922
0 0.051335 0.239220 0.067762 0.092402
0 0.026181 0.188912 0.052361 0.073922
0 0.075975 0.033881 0.047228 0.067762
0 0.227926 0.175565 0.067762 0.075975
0 0.317248 0.228953 0.098563 0.071869
0 0.371663 0.283368 0.125257 0.090349
0 0.446612 0.350103 0.078029 0.071869
0 0.527721 0.390144 0.121150 0.078029
0 0.547228 0.415811 0.053388 0.063655
0 0.594456 0.498973 0.078029 0.053388
0 0.847023 0.667351 0.065708 0.073922
0 0.913758 0.682752 0.063655 0.047228
0 0.973819 0.725873 0.052361 0.051335
0 0.969713 0.597536 0.060574 0.069815
0 0.908624 0.520534 0.098563 0.112936
0 0.831622 0.449692 0.088296 0.065708
0 0.762834 0.395277 0.073922 0.063655
0 0.680698 0.325462 0.098563 0.092402
0 0.569815 0.274127 0.069815 0.051335
0 0.553388 0.201232 0.061602 0.078029
0 0.393224 0.068789 0.032854 0.051335
0 0.316222 0.033881 0.084189 0.067762
0 0.234086 0.021561 0.071869 0.043121
0 0.530801 0.022587 0.061602 0.045174
0 0.593429 0.080082 0.121150 0.078029
0 0.632444 0.106776 0.051335 0.065708
0 0.705339 0.136550 0.049281 0.071869
0 0.761807 0.170431 0.096509 0.082136
0 0.809035 0.225873 0.067762 0.073922
0 0.851129 0.254620 0.082136 0.053388
0 0.894251 0.296715 0.102669 0.100616
0 0.944559 0.334702 0.067762 0.065708
0 0.946612 0.119097 0.075975 0.078029
0 0.849076 0.080082 0.090349 0.065708
0 0.782341 0.030801 0.059548 0.057495
0 0.954312 0.965092 0.091376 0.069815
0 0.981006 0.810062 0.037988 0.071869