0 0.490760 0.951745 0.080082 0.075975
0 0.421971 0.915811 0.073922 0.078029
0 0.390144 0.868583 0.059548 0.073922
0 0.342916 0.839836 0.063655 0.073922
0 0.292608 0.812115 0.078029 0.080082
0 0.214579 0.771047 0.078029 0.071869
0 0.139630 0.675565 0.071869 0.078029
0 0.079055 0.703285 0.057495 0.051335
0 0.025154 0.749487 0.050308 0.065708
0 0.083162 0.855236 0.045175 0.051335
0 0.380903 0.686858 0.082136 0.067762
0 0.447639 0.735113 0.063655 0.057495
0 0.485626 0.753593 0.061602 0.065708
0 0.533881 0.790554 0.067762 0.065708
0 0.590349 0.810062 0.053388 0.055441
0 0.566735 0.857290 0.067762 0.067762
0 0.641684 0.861396 0.073922 0.067762
0 0.697125 0.875770 0.057495 0.055441
0 0.815195 0.976386 0.067762 0.047228
0 0.854209 0.984600 0.059548 0.030800
0 0.899384 0.902464 0.051335 0.047228
0 0.871663 0.853183 0.057495 0.059548
0 0.801848 0.792608 0.082136 0.078029
0 0.759754 0.742300 0.088296 0.092402
0 0.711499 0.710472 0.057495 0.086242
0 0.632444 0.648871 0.067762 0.073922
0 0.570842 0.652977 0.071869 0.082136
0 0.480493 0.549281 0.071869 0.051335
0 0.933265 0.698152 0.053388 0.073922
0 0.957906 0.723819 0.061602 0.075975
0 0.861396 0.593429 0.036961 0.061602
0 0.823409 0.606776 0.047228 0.055441
0 0.789528 0.556468 0.065708 0.065708
0 0.753593 0.552361 0.063655 0.090349
0 0.718686 0.515400 0.067762 0.069815
0 0.670431 0.498973 0.061602 0.078029
0 0.574949 0.408624 0.055441 0.078029
0 0.512320 0.404517 0.090349 0.061602
0 0.469199 0.344969 0.057495 0.049281
0 0.429158 0.314168 0.067762 0.045175
0 0.395277 0.263860 0.069815 0.063655