0 0.126362 0.033170 0.058443 0.066340
0 0.195862 0.037909 0.039488 0.056863
0 0.238509 0.067920 0.048965 0.075817
0 0.281946 0.123203 0.060022 0.069499
0 0.328542 0.156373 0.045806 0.060022
0 0.328542 0.195072 0.055284 0.045806
0 0.395672 0.237719 0.037909 0.055284
0 0.334860 0.018954 0.067920 0.031591
0 0.424893 0.054494 0.067920 0.045806
0 0.544148 0.118803 0.039601 0.052801
0 0.517747 0.091669 0.036668 0.068935
0 0.620417 0.019067 0.057202 0.038134
0 0.663684 0.046201 0.061602 0.066002
0 0.716486 0.022001 0.058668 0.035201
0 0.759754 0.069669 0.063068 0.066002
0 0.800821 0.076269 0.066002 0.041068
0 0.858023 0.140070 0.080669 0.054268
0 0.849223 0.178205 0.092402 0.054268
0 0.914491 0.172338 0.058668 0.051335
0 0.959959 0.033001 0.076269 0.063068
0 0.925491 0.013200 0.060135 0.026400
0 0.899824 0.223673 0.052801 0.030801
0 0.555148 0.161338 0.061602 0.038134
0 0.624817 0.126137 0.048401 0.041068
0 0.608683 0.171605 0.042534 0.070402
0 0.657084 0.187738 0.063068 0.055735
0 0.633617 0.238340 0.057202 0.063068
0 0.674685 0.242006 0.060135 0.055735
0 0.742153 0.288941 0.092402 0.096803
0 0.833089 0.354943 0.092402 0.085069
0 0.976313 0.302875 0.047374 0.045468
0 0.973159 0.473746 0.052801 0.088002
0 0.922558 0.659284 0.048401 0.074802
0 0.814755 0.544881 0.067468 0.080669
0 0.767087 0.533148 0.066002 0.054268
0 0.777354 0.481813 0.039601 0.068935
0 0.726753 0.498680 0.061602 0.070402
0 0.684218 0.441478 0.073335 0.046935
0 0.679818 0.397477 0.041068 0.049868
0 0.635817 0.402611 0.082136 0.074802
0 0.569082 0.345409 0.071869 0.098269
0 0.507480 0.298475 0.051335 0.060135
0 0.460546 0.273541 0.071869 0.101203
0 0.021634 0.074802 0.043268 0.046935
0 0.023101 0.134204 0.046201 0.080669
0 0.053535 0.165738 0.064535 0.079202
0 0.108536 0.198739 0.057202 0.071869
0 0.145937 0.239806 0.052801 0.092402
0 0.112936 0.253740 0.057202 0.055735
0 0.198005 0.249340 0.063068 0.076269
0 0.239806 0.291874 0.120270 0.073335
0 0.253740 0.342476 0.039601 0.063068
0 0.310942 0.330742 0.086536 0.086536
0 0.334409 0.374010 0.101203 0.064535
0 0.327809 0.416544 0.070402 0.064535
0 0.399677 0.418011 0.079202 0.067468
0 0.410678 0.464212 0.089469 0.057202
0 0.515547 0.521414 0.067468 0.060135
0 0.450279 0.505280 0.077735 0.068935
0 0.488413 0.552215 0.068935 0.068935
0 0.540481 0.568348 0.070402 0.063068
0 0.602816 0.544148 0.042534 0.073335
0 0.606483 0.602816 0.085069 0.061602
0 0.635817 0.562482 0.041068 0.060135
0 0.638750 0.645351 0.073335 0.067468
0 0.717219 0.685685 0.071869 0.089469
0 0.796421 0.735553 0.098269 0.077735
0 0.522881 0.708419 0.038134 0.067468
0 0.489146 0.728219 0.044001 0.051335
0 0.452479 0.680551 0.046935 0.076269
0 0.431211 0.676151 0.045468 0.061602
0 0.353476 0.635817 0.051335 0.066002
0 0.316075 0.558082 0.090936 0.098269
0 0.137870 0.483280 0.054268 0.048401
0 0.142270 0.414344 0.066002 0.086536
0 0.063802 0.346876 0.038134 0.054268
0 0.019434 0.315342 0.038868 0.044001
0 0.028967 0.541948 0.057934 0.077735
0 0.060135 0.555881 0.039601 0.038134
0 0.121003 0.627017 0.055735 0.071869
0 0.071135 0.599149 0.055735 0.057202
0 0.822822 0.775887 0.083602 0.088002
0 0.877090 0.800821 0.074802 0.073335
0 0.918158 0.825755 0.071869 0.088002
0 0.950425 0.854356 0.074802 0.089469
0 0.969713 0.870490 0.060574 0.080669
0 0.525814 0.759754 0.085069 0.061602
0 0.602083 0.777354 0.058668 0.061602
0 0.610150 0.813288 0.048401 0.060135
0 0.683485 0.877090 0.074802 0.096803
0 0.733353 0.904224 0.066002 0.086536
0 0.789821 0.918158 0.064535 0.070402
0 0.844089 0.949692 0.067468 0.066002
0 0.896157 0.973013 0.057202 0.053974
0 0.637284 0.978879 0.044001 0.042241
0 0.592549 0.972279 0.066002 0.055441
0 0.512614 0.975213 0.046935 0.049574
0 0.562482 0.917424 0.035201 0.045468
0 0.495013 0.929891 0.070402 0.073335
0 0.461279 0.914491 0.038134 0.051335
0 0.424611 0.909358 0.076269 0.049868
0 0.433412 0.856556 0.064535 0.064535
0 0.394544 0.849956 0.057202 0.066002
0 0.356410 0.759020 0.045468 0.045468
0 0.332942 0.810355 0.051335 0.066002
0 0.302141 0.745820 0.036668 0.054268
0 0.129070 0.853623 0.045468 0.076269
0 0.173805 0.876357 0.041068 0.063068
0 0.079202 0.787621 0.057202 0.061602
0 0.032634 0.764154 0.065268 0.070402
0 0.030067 0.807422 0.058668 0.063068
0 0.197272 0.926958 0.061602 0.052801
0 0.233206 0.891757 0.071869 0.073335
0 0.257407 0.956292 0.088002 0.085069
0 0.086536 0.978879 0.051335 0.042241
0 0.029701 0.957026 0.059402 0.083602
0 0.330009 0.984746 0.054268 0.030507