0 0.044001 0.058668 0.045468 0.061602
0 0.016500 0.046935 0.033000 0.061602
0 0.085069 0.084336 0.074802 0.060135
0 0.125403 0.117336 0.088002 0.082136
0 0.201672 0.166471 0.090936 0.092402
0 0.292608 0.220006 0.096803 0.111470
0 0.346876 0.275741 0.046935 0.073335
0 0.374743 0.308008 0.079202 0.073335
0 0.450279 0.353476 0.068935 0.035201
0 0.253740 0.017600 0.036668 0.032268
0 0.291874 0.030801 0.051335 0.061602
0 0.338076 0.068935 0.079202 0.064535
0 0.382810 0.099736 0.054268 0.093869
0 0.410678 0.123937 0.071869 0.086536
0 0.448812 0.141537 0.060135 0.077735
0 0.502347 0.178938 0.079202 0.073335
0 0.543414 0.228073 0.064535 0.074802
0 0.599883 0.264007 0.071869 0.123203
0 0.691552 0.315342 0.090936 0.140804
0 0.632884 0.308008 0.079202 0.096803
0 0.745087 0.365943 0.080669 0.077735
0 0.798621 0.412878 0.049868 0.077735
0 0.866090 0.455412 0.082136 0.101203
0 0.880023 0.270607 0.083602 0.080669
0 0.849956 0.253007 0.082136 0.080669
0 0.811088 0.224406 0.063068 0.067468
0 0.765620 0.192872 0.071869 0.074802
0 0.706952 0.114403 0.089469 0.049868
0 0.696685 0.068935 0.051335 0.067468
0 0.579349 0.044001 0.127603 0.079202
0 0.830889 0.030067 0.102669 0.060134
0 0.926225 0.087269 0.096803 0.092402
0 0.964579 0.144471 0.070842 0.060135
0 0.921825 0.709152 0.079202 0.092402
0 0.742153 0.590349 0.098269 0.054268
0 0.705485 0.536081 0.068935 0.077735
0 0.654151 0.559548 0.068935 0.051335
0 0.654151 0.502347 0.066002 0.083602
0 0.594749 0.473013 0.070402 0.071869
0 0.550748 0.416544 0.049868 0.041068
0 0.514080 0.377677 0.067468 0.057202
0 0.023956 0.216290 0.046543 0.043806
0 0.030116 0.292266 0.050650 0.078029
0 0.088980 0.265572 0.058864 0.079398
0 0.143737 0.301164 0.072553 0.071184
0 0.280630 0.432580 0.072553 0.057495
0 0.355921 0.454483 0.116359 0.090349
0 0.346338 0.502396 0.097194 0.076660
0 0.435318 0.528405 0.064339 0.073922
0 0.471595 0.579740 0.060233 0.086242
0 0.590691 0.663244 0.093087 0.102669
0 0.647502 0.678987 0.042437 0.057495
0 0.667351 0.716632 0.087611 0.078029
0 0.707734 0.748118 0.047912 0.045175
0 0.783025 0.813826 0.091718 0.102669
0 0.835729 0.806297 0.041068 0.057495
0 0.030801 0.428474 0.054757 0.084873
0 0.093087 0.470226 0.056126 0.053388
0 0.119097 0.505818 0.072553 0.069815
0 0.165640 0.537303 0.050650 0.064339
0 0.171800 0.577687 0.054757 0.065708
0 0.239562 0.611225 0.067077 0.061602
0 0.276523 0.642710 0.069815 0.056126
0 0.304586 0.672827 0.076660 0.088980
0 0.364134 0.696783 0.058864 0.071184
0 0.381930 0.750856 0.067077 0.056126
0 0.472279 0.740589 0.064339 0.060233
0 0.470226 0.805613 0.084873 0.064339
0 0.534565 0.797399 0.046543 0.050650
0 0.539357 0.844627 0.039699 0.049281
0 0.607803 0.869268 0.105407 0.095825
0 0.659138 0.919233 0.068446 0.102669
0 0.620123 0.915811 0.069815 0.054757
0 0.768652 0.943190 0.046543 0.046543
0 0.868583 0.848049 0.052019 0.039699
0 0.874059 0.892539 0.079398 0.052019
0 0.930185 0.922656 0.071184 0.090349
0 0.388775 0.917180 0.094456 0.095825
0 0.355921 0.832991 0.069815 0.056126
0 0.323066 0.881588 0.067077 0.065708
0 0.312115 0.817933 0.069815 0.064339
0 0.255989 0.833676 0.058864 0.041068
0 0.223819 0.785763 0.071184 0.049281
0 0.085558 0.683094 0.084873 0.114990
0 0.183436 0.923340 0.050650 0.058864
0 0.143737 0.947296 0.064339 0.043806
0 0.039014 0.860370 0.068446 0.069815
0 0.494867 0.015743 0.043806 0.031485
0 0.572211 0.126626 0.034223 0.042437
0 0.623546 0.099932 0.035592 0.049281
0 0.954825 0.307324 0.046543 0.045175
0 0.898700 0.566735 0.030116 0.041068
0 0.929500 0.466804 0.042437 0.046543
0 0.969199 0.493498 0.036961 0.053388
0 0.277892 0.957563 0.047912 0.045175
0 0.158795 0.978782 0.058864 0.041068