0 0.079935 0.129070 0.076269 0.099736
0 0.136404 0.165004 0.086536 0.077735
0 0.195072 0.222939 0.107070 0.111470
0 0.262540 0.260340 0.068935 0.071869
0 0.283074 0.100469 0.083602 0.042534
0 0.328542 0.134937 0.104136 0.105603
0 0.283074 0.053535 0.077735 0.077735
0 0.412144 0.026401 0.057202 0.052801
0 0.470079 0.041068 0.099736 0.082136
0 0.528014 0.066002 0.074802 0.070402
0 0.401144 0.360810 0.076269 0.088002
0 0.261807 0.457612 0.082136 0.093869
0 0.179671 0.440745 0.076269 0.074802
0 0.191405 0.396011 0.041068 0.052801
0 0.076269 0.353476 0.066002 0.082136
0 0.111470 0.372543 0.068935 0.070402
0 0.035934 0.506013 0.061602 0.064535
0 0.096803 0.550748 0.068935 0.080669
0 0.140070 0.579349 0.064535 0.070402
0 0.239806 0.629217 0.102669 0.085069
0 0.105603 0.773687 0.036668 0.051335
0 0.049868 0.940158 0.054268 0.064535