0 0.440689 0.173748 0.071079 0.063181
0 0.450956 0.224293 0.120044 0.066340
0 0.646027 0.384615 0.083715 0.061602
0 0.713157 0.391723 0.053704 0.082136
0 0.743958 0.443058 0.074238 0.067920
0 0.787395 0.457274 0.075817 0.067920
0 0.830043 0.486495 0.107408 0.075817
0 0.865582 0.537830 0.112147 0.096351
0 0.951666 0.597062 0.091613 0.094772
0 0.956405 0.773969 0.082136 0.091613
0 0.884536 0.769231 0.105828 0.047386
0 0.885326 0.710788 0.085295 0.063181
0 0.802401 0.683146 0.102669 0.067920
0 0.764492 0.664982 0.080556 0.091613
0 0.723424 0.619965 0.118465 0.090033
0 0.675249 0.581267 0.094772 0.085295
0 0.602590 0.531512 0.085295 0.080556
0 0.531512 0.489654 0.072658 0.078976
0 0.485705 0.452535 0.129521 0.146896
0 0.390934 0.396462 0.072658 0.097931
0 0.379087 0.348286 0.096351 0.074238
0 0.282736 0.288264 0.083715 0.061602
0 0.082925 0.352235 0.082136 0.110567
0 0.036724 0.330911 0.073448 0.115306
0 0.160322 0.408308 0.063181 0.096351
0 0.214816 0.419365 0.080556 0.074238
0 0.228242 0.460433 0.094772 0.099510
0 0.296162 0.470700 0.063181 0.053704
0 0.264571 0.510978 0.072658 0.077397
0 0.361712 0.522824 0.077397 0.056863
0 0.326963 0.581267 0.064761 0.082136
0 0.420155 0.599431 0.118465 0.096351
0 0.479387 0.647607 0.088454 0.101090
0 0.518875 0.685516 0.078976 0.107408
0 0.561523 0.706050 0.069499 0.085295
0 0.590744 0.730532 0.086874 0.074238
0 0.635761 0.793713 0.082136 0.131101
0 0.692624 0.808719 0.053704 0.069499
0 0.732902 0.838730 0.074238 0.110567
0 0.818196 0.875849 0.112147 0.134260
0 0.840310 0.936661 0.077397 0.075817
0 0.938714 0.954036 0.122571 0.085295
0 0.706839 0.970621 0.101090 0.058443
0 0.630232 0.939899 0.096351 0.120202
0 0.552835 0.912178 0.112147 0.099510
0 0.483336 0.858474 0.102669 0.108988
0 0.425683 0.796083 0.075817 0.094772
0 0.375928 0.769231 0.071079 0.101090
0 0.295372 0.725004 0.115306 0.104249
0 0.208498 0.649187 0.090033 0.091613
0 0.124783 0.585216 0.071079 0.108988
0 0.062391 0.537040 0.069499 0.082136
0 0.031196 0.496762 0.062391 0.090033
0 0.028037 0.684726 0.056073 0.067920
0 0.087664 0.763702 0.082136 0.064761
0 0.138209 0.794503 0.063181 0.072658
0 0.171379 0.827673 0.101090 0.110567
0 0.232191 0.879798 0.102669 0.135840
0 0.277997 0.906650 0.080556 0.085295
0 0.304849 0.942979 0.112147 0.097931
0 0.354604 0.962802 0.078976 0.074396
0 0.424104 0.969910 0.075817 0.060180
0 0.013031 0.868741 0.026062 0.091613
0 0.041068 0.907440 0.071079 0.064761
0 0.065550 0.955694 0.091613 0.088612
0 0.150055 0.971489 0.112147 0.057021