0 0.743326 0.210472 0.100616 0.121150
0 0.803901 0.104723 0.078029 0.094456
0 0.632444 0.067762 0.075975 0.082136
0 0.594456 0.137577 0.086242 0.069815
0 0.482546 0.025667 0.075975 0.051334
0 0.409651 0.067762 0.094456 0.106776
0 0.872690 0.296715 0.071869 0.125257
0 0.921971 0.228953 0.088296 0.112936
0 0.969713 0.422998 0.060574 0.073922
0 0.383984 0.943532 0.084189 0.096509
0 0.402464 0.878850 0.080082 0.086242
0 0.315195 0.826489 0.098563 0.071869
0 0.313142 0.879877 0.086242 0.084189
0 0.195072 0.760780 0.084189 0.117043
0 0.095483 0.740246 0.098563 0.071869
0 0.033368 0.650924 0.066735 0.110883
0 0.023101 0.591376 0.046201 0.057495
0 0.137577 0.924025 0.096509 0.102669
0 0.183778 0.962012 0.049281 0.075975
0 0.023101 0.984600 0.046201 0.030800