0 0.017967 0.419918 0.035934 0.067762
0 0.044148 0.309035 0.073922 0.084189
0 0.038501 0.096509 0.077002 0.102669
0 0.070842 0.028747 0.061602 0.057494
0 0.132444 0.024641 0.069815 0.049281
0 0.150924 0.159138 0.086242 0.080082
0 0.210472 0.121150 0.069815 0.082136
0 0.270021 0.047228 0.119097 0.094456
0 0.510267 0.029774 0.106776 0.059548
0 0.438398 0.079055 0.098563 0.063655
0 0.388090 0.157084 0.092402 0.080082
0 0.326489 0.231006 0.112936 0.059548
0 0.290554 0.297741 0.110883 0.078029
0 0.238193 0.334702 0.063655 0.049281
0 0.158111 0.413758 0.088296 0.067762
0 0.342916 0.446612 0.104723 0.137577
0 0.251540 0.541068 0.139630 0.055441
0 0.512320 0.255647 0.073922 0.071869
0 0.577002 0.178645 0.059548 0.065708
0 0.630390 0.137577 0.075975 0.110883
0 0.708419 0.035934 0.088296 0.063655
0 0.896304 0.031828 0.119097 0.063655
0 0.840862 0.102669 0.082136 0.086242
0 0.790554 0.175565 0.100616 0.080082
0 0.740246 0.236140 0.123203 0.135524
0 0.580082 0.436345 0.065708 0.129363
0 0.512320 0.465092 0.094456 0.100616
0 0.462012 0.599589 0.071869 0.106776
0 0.371663 0.672485 0.071869 0.063655
0 0.306982 0.775154 0.110883 0.100616
0 0.339836 0.712526 0.090349 0.065708
0 0.542094 0.732033 0.108830 0.063655
0 0.579055 0.667351 0.055441 0.057495
0 0.631417 0.637577 0.094456 0.096509
0 0.670431 0.569815 0.069815 0.063655
0 0.787474 0.437372 0.090349 0.090349
0 0.837782 0.385010 0.067762 0.067762
0 0.878850 0.306982 0.088296 0.088296
0 0.925051 0.267967 0.065708 0.075975
0 0.944559 0.239220 0.075975 0.084189
0 0.975873 0.174538 0.048254 0.053388
0 0.976899 0.435318 0.046201 0.086242
0 0.935318 0.504107 0.073922 0.080082
0 0.886037 0.573922 0.090349 0.059548
0 0.827515 0.603696 0.063655 0.086242
0 0.788501 0.683778 0.080082 0.090349
0 0.710472 0.755647 0.063655 0.065708
0 0.686858 0.848049 0.114990 0.098563
0 0.800821 0.940452 0.117043 0.119096
0 0.891170 0.836756 0.067762 0.084189
0 0.920945 0.774127 0.086242 0.078029
0 0.962526 0.695072 0.074948 0.088296