0 0.027207 0.200205 0.054414 0.080082
0 0.046201 0.106776 0.082136 0.098563
0 0.101643 0.044148 0.082136 0.084189
0 0.142710 0.027721 0.045175 0.055441
0 0.033368 0.413758 0.066735 0.063655
0 0.075975 0.350103 0.067762 0.059548
0 0.108830 0.305955 0.084189 0.065708
0 0.147844 0.249487 0.088296 0.092402
0 0.236140 0.147844 0.084189 0.069815
0 0.289528 0.060575 0.096509 0.096509
0 0.340862 0.026694 0.121150 0.053388
0 0.031314 0.674538 0.062628 0.092402
0 0.066735 0.558522 0.078029 0.094456
0 0.114990 0.554415 0.071869 0.098563
0 0.270021 0.324435 0.057495 0.078029
0 0.315195 0.287474 0.053388 0.057495
0 0.362423 0.225873 0.110883 0.078029
0 0.404517 0.170431 0.084189 0.082136
0 0.479466 0.080082 0.090349 0.094456
0 0.541068 0.022587 0.073922 0.045174
0 0.447639 0.135524 0.088296 0.065708
0 0.081109 0.842916 0.094456 0.096509
0 0.042094 0.911704 0.073922 0.106776
0 0.132444 0.779261 0.078029 0.088296
0 0.202259 0.685832 0.094456 0.078029
0 0.261807 0.619097 0.086242 0.067762
0 0.322382 0.542094 0.133470 0.114990
0 0.358316 0.467146 0.090349 0.088296
0 0.385010 0.431211 0.094456 0.090349
0 0.425051 0.383984 0.108830 0.098563
0 0.479466 0.333676 0.114990 0.080082
0 0.500000 0.279261 0.098563 0.082136
0 0.540041 0.252567 0.084189 0.098563
0 0.591376 0.220739 0.096509 0.104723
0 0.637577 0.156057 0.098563 0.094456
0 0.671458 0.084189 0.108830 0.082136
0 0.718686 0.054415 0.129363 0.080082
0 0.917864 0.047228 0.100616 0.057495
0 0.957906 0.024641 0.065708 0.049281
0 0.886037 0.101643 0.102669 0.063655
0 0.861396 0.150924 0.086242 0.063655
0 0.817248 0.183778 0.075975 0.075975
0 0.764887 0.241273 0.119097 0.121150
0 0.662218 0.347023 0.110883 0.135524
0 0.611910 0.398357 0.075975 0.061602
0 0.577002 0.451745 0.104723 0.114990
0 0.519507 0.522587 0.096509 0.096509
0 0.518480 0.553388 0.065708 0.084189
0 0.463039 0.603696 0.086242 0.094456
0 0.430185 0.682752 0.090349 0.075975
0 0.372690 0.718686 0.090349 0.061602
0 0.338809 0.758727 0.080082 0.080082
0 0.314168 0.801848 0.084189 0.063655
0 0.263860 0.836756 0.078029 0.071869
0 0.250513 0.887064 0.108830 0.069815
0 0.202259 0.936345 0.090349 0.069815
0 0.171458 0.974333 0.069815 0.051334
0 0.379877 0.973306 0.092402 0.053388
0 0.397331 0.922998 0.086242 0.084189
0 0.452772 0.860370 0.073922 0.073922
0 0.491786 0.819302 0.065708 0.098563
0 0.605749 0.702259 0.096509 0.098563
0 0.839836 0.419918 0.133470 0.121150
0 0.872690 0.365503 0.075975 0.082136
0 0.939425 0.310062 0.078029 0.102669
0 0.962526 0.235113 0.074948 0.096509
0 0.961499 0.460986 0.077002 0.104723
0 0.940452 0.550308 0.117043 0.098563
0 0.881930 0.601643 0.065708 0.090349
0 0.843943 0.646817 0.067762 0.069815
0 0.800821 0.708419 0.088296 0.102669
0 0.750513 0.789528 0.090349 0.080082
0 0.687885 0.824435 0.100616 0.096509
0 0.655031 0.886037 0.088296 0.071869
0 0.591376 0.945585 0.112936 0.108830
0 0.777207 0.975359 0.119097 0.049281
0 0.814168 0.935318 0.106776 0.084189
0 0.857290 0.871663 0.078029 0.051335
0 0.896304 0.825462 0.110883 0.078029
0 0.957392 0.726899 0.085216 0.094456
0 0.948152 0.956879 0.103696 0.082136