0 0.031314 0.186858 0.062628 0.082136
0 0.105749 0.106776 0.102669 0.073922
0 0.138604 0.043121 0.131417 0.082136
0 0.043634 0.431211 0.087268 0.139630
0 0.073922 0.355236 0.092402 0.086242
0 0.127310 0.280287 0.084189 0.080082
0 0.183778 0.225873 0.073922 0.065708
0 0.254620 0.157084 0.100616 0.063655
0 0.338809 0.085216 0.084189 0.071869
0 0.354209 0.035934 0.131417 0.071868
0 0.047741 0.686858 0.095482 0.104723
0 0.068789 0.623203 0.098563 0.092402
0 0.109856 0.570842 0.098563 0.086242
0 0.168378 0.522587 0.080082 0.080082
0 0.202259 0.471253 0.086242 0.088296
0 0.242300 0.413758 0.100616 0.071869
0 0.272074 0.366530 0.090349 0.084189
0 0.306982 0.314168 0.119097 0.102669
0 0.364476 0.262834 0.102669 0.106776
0 0.410678 0.228953 0.075975 0.096509
0 0.454825 0.176591 0.082136 0.086242
0 0.492813 0.123203 0.084189 0.086242
0 0.536961 0.063655 0.078029 0.082136
0 0.604723 0.047228 0.098563 0.094456
0 0.821355 0.017454 0.051335 0.034908
0 0.729979 0.063655 0.078029 0.078029
0 0.691992 0.147844 0.088296 0.098563
0 0.628337 0.185832 0.075975 0.084189
0 0.587269 0.234086 0.071869 0.073922
0 0.546201 0.287474 0.092402 0.082136
0 0.501027 0.345996 0.092402 0.084189
0 0.469199 0.392197 0.090349 0.090349
0 0.410678 0.445585 0.084189 0.078029
0 0.378850 0.498973 0.098563 0.106776
0 0.325462 0.568789 0.086242 0.114990
0 0.259754 0.639630 0.082136 0.108830
0 0.205339 0.720739 0.104723 0.164271
0 0.101643 0.811088 0.098563 0.127310
0 0.085216 0.883984 0.131417 0.080082
0 0.199179 0.962012 0.088296 0.075975
0 0.026181 0.952772 0.052361 0.094456
0 0.249487 0.901437 0.098563 0.135524
0 0.334702 0.823409 0.112936 0.123203
0 0.385010 0.737166 0.090349 0.073922
0 0.436345 0.691992 0.098563 0.078029
0 0.489733 0.621150 0.102669 0.071869
0 0.535934 0.555441 0.092402 0.088296
0 0.596509 0.494867 0.123203 0.090349
0 0.646817 0.404517 0.067762 0.094456
0 0.694045 0.366530 0.080082 0.100616
0 0.734086 0.315195 0.057495 0.084189
0 0.771047 0.282341 0.073922 0.067762
0 0.813142 0.218686 0.088296 0.084189
0 0.836756 0.168378 0.094456 0.086242
0 0.871663 0.134497 0.098563 0.108830
0 0.922998 0.096509 0.106776 0.094456
0 0.954825 0.036961 0.084189 0.073922
0 0.958419 0.235113 0.083162 0.100616
0 0.936345 0.331622 0.088296 0.117043
0 0.870637 0.389117 0.092402 0.096509
0 0.818275 0.444559 0.086242 0.080082
0 0.772074 0.503080 0.121150 0.102669
0 0.733060 0.587269 0.084189 0.094456
0 0.668378 0.639630 0.123203 0.112936
0 0.595483 0.760780 0.125257 0.104723
0 0.494867 0.832649 0.108830 0.092402
0 0.484600 0.891170 0.096509 0.090349
0 0.404517 0.963039 0.071869 0.073922
0 0.566735 0.954825 0.096509 0.090349
0 0.643737 0.940452 0.078029 0.110883
0 0.704312 0.858316 0.100616 0.110883
0 0.760780 0.788501 0.073922 0.114990
0 0.805955 0.739220 0.061602 0.090349
0 0.857290 0.674538 0.057495 0.088296
0 0.891170 0.630390 0.067762 0.114990
0 0.934292 0.595483 0.088296 0.110883
0 0.971766 0.548255 0.056468 0.073922
0 0.976899 0.477413 0.046201 0.051335
0 0.953285 0.758727 0.093429 0.075975
0 0.934292 0.812115 0.104723 0.051335
0 0.897331 0.865503 0.121150 0.096509
0 0.857290 0.912731 0.114990 0.092402
0 0.824435 0.973306 0.119097 0.053388