0 0.032341 0.032854 0.064682 0.065708
0 0.069815 0.208419 0.096509 0.121150
0 0.017967 0.255647 0.035934 0.112936
0 0.154004 0.078029 0.075975 0.036961
0 0.198152 0.034908 0.106776 0.065708
0 0.325462 0.073922 0.135524 0.135524
0 0.412731 0.025667 0.096509 0.051334
0 0.264887 0.182752 0.137577 0.114990
0 0.188912 0.286448 0.084189 0.096509
0 0.038501 0.458932 0.077002 0.195072
0 0.053901 0.663244 0.107802 0.164271
0 0.020021 0.756674 0.040041 0.088296
0 0.149897 0.581109 0.112936 0.106776
0 0.160164 0.515400 0.075975 0.086242
0 0.221766 0.495893 0.096509 0.129363
0 0.300821 0.374743 0.090349 0.096509
0 0.337782 0.310062 0.114990 0.098563
0 0.400411 0.262834 0.084189 0.090349
0 0.424025 0.225873 0.098563 0.106776
0 0.482546 0.184805 0.084189 0.106776
0 0.521561 0.124230 0.108830 0.137577
0 0.570842 0.070842 0.096509 0.100616
0 0.604723 0.047228 0.094456 0.090349
0 0.805955 0.027721 0.143737 0.055441
0 0.764887 0.106776 0.119097 0.110883
0 0.689938 0.168378 0.088296 0.106776
0 0.635524 0.225873 0.094456 0.106776
0 0.539014 0.341889 0.131417 0.108830
0 0.493840 0.433265 0.114990 0.123203
0 0.425051 0.493840 0.117043 0.117043
0 0.354209 0.589322 0.164271 0.160164
0 0.248460 0.707392 0.125257 0.092402
0 0.188912 0.775154 0.104723 0.084189
0 0.140657 0.833676 0.102669 0.073922
0 0.091376 0.876797 0.106776 0.090349
0 0.046715 0.947639 0.093429 0.100616
0 0.204312 0.977413 0.106776 0.045174
0 0.284394 0.895277 0.114990 0.106776
0 0.347023 0.811088 0.084189 0.053388
0 0.391170 0.756674 0.090349 0.075975
0 0.448665 0.726899 0.086242 0.073922
0 0.485626 0.688912 0.061602 0.067762
0 0.547228 0.640657 0.065708 0.057495
0 0.572895 0.598563 0.063655 0.039014
0 0.571869 0.552361 0.094456 0.073922
0 0.635524 0.522587 0.094456 0.075975
0 0.648871 0.464066 0.133470 0.135524
0 0.721766 0.372690 0.073922 0.051335
0 0.802875 0.280287 0.121150 0.071869
0 0.824435 0.235113 0.102669 0.088296
0 0.898357 0.147844 0.098563 0.106776
0 0.924025 0.090349 0.080082 0.078029
0 0.972793 0.048255 0.054414 0.096509
0 0.976899 0.279261 0.046201 0.078029
0 0.957906 0.333676 0.082136 0.084189
0 0.915811 0.381930 0.088296 0.094456
0 0.881930 0.440452 0.110883 0.092402
0 0.837782 0.467146 0.088296 0.075975
0 0.809035 0.543121 0.104723 0.096509
0 0.751540 0.595483 0.084189 0.073922
0 0.726899 0.643737 0.080082 0.080082
0 0.674538 0.670431 0.069815 0.108830
0 0.640657 0.734086 0.088296 0.088296
0 0.598563 0.779261 0.119097 0.096509
0 0.519507 0.877823 0.108830 0.071869
0 0.466119 0.921971 0.080082 0.061602
0 0.436345 0.975359 0.106776 0.049281
0 0.646817 0.973306 0.067762 0.053388
0 0.673511 0.922998 0.075975 0.075975
0 0.780287 0.834702 0.080082 0.084189
0 0.827515 0.782341 0.088296 0.106776
0 0.859343 0.703285 0.073922 0.071869
0 0.920945 0.646817 0.090349 0.106776
0 0.960472 0.588296 0.079055 0.100616
0 0.972793 0.802875 0.054414 0.090349
0 0.946099 0.860370 0.107802 0.086242
0 0.882957 0.940452 0.084189 0.073922
0 0.847023 0.959959 0.102669 0.080082