0 0.035421 0.035934 0.070842 0.071868
0 0.046715 0.268994 0.093429 0.127310
0 0.098563 0.165298 0.141684 0.088296
0 0.151951 0.119097 0.088296 0.065708
0 0.193018 0.065708 0.117043 0.073922
0 0.436345 0.024641 0.078029 0.049281
0 0.363450 0.098563 0.137577 0.082136
0 0.321355 0.154004 0.143737 0.057495
0 0.303901 0.202259 0.104723 0.047228
0 0.274127 0.259754 0.147844 0.092402
0 0.211499 0.306982 0.121150 0.063655
0 0.140657 0.374743 0.098563 0.059548
0 0.112936 0.431211 0.125257 0.057495
0 0.056982 0.502053 0.113963 0.071869
0 0.014887 0.578029 0.029774 0.096509
0 0.020021 0.810062 0.040041 0.075975
0 0.047228 0.735113 0.092402 0.086242
0 0.130390 0.646817 0.123203 0.119097
0 0.227926 0.521561 0.100616 0.078029
0 0.292608 0.445585 0.086242 0.086242
0 0.369610 0.380903 0.112936 0.108830
0 0.385010 0.321355 0.119097 0.063655
0 0.430185 0.254620 0.094456 0.098563
0 0.490760 0.200205 0.096509 0.088296
0 0.527721 0.129363 0.117043 0.102669
0 0.624230 0.050308 0.112936 0.100616
0 0.861396 0.028747 0.049281 0.057494
0 0.813142 0.053388 0.080082 0.078029
0 0.778234 0.102669 0.096509 0.094456
0 0.714579 0.171458 0.084189 0.067762
0 0.677618 0.241273 0.112936 0.108830
0 0.599589 0.337782 0.092402 0.088296
0 0.558522 0.371663 0.108830 0.102669
0 0.501027 0.462012 0.088296 0.106776
0 0.400411 0.552361 0.080082 0.090349
0 0.344969 0.626283 0.092402 0.090349
0 0.295688 0.696099 0.112936 0.123203
0 0.255647 0.753593 0.094456 0.053388
0 0.198152 0.798768 0.086242 0.078029
0 0.142710 0.878850 0.090349 0.102669
0 0.077002 0.959959 0.119097 0.080082
0 0.262834 0.966119 0.059548 0.026694
0 0.326489 0.930185 0.084189 0.090349
0 0.325462 0.873717 0.086242 0.104723
0 0.401437 0.832649 0.102669 0.092402
0 0.459959 0.737166 0.100616 0.102669
0 0.514374 0.661191 0.082136 0.119097
0 0.571869 0.610883 0.073922 0.104723
0 0.609856 0.535934 0.125257 0.123203
0 0.727926 0.411704 0.090349 0.112936
0 0.827515 0.306982 0.096509 0.084189
0 0.806982 0.367556 0.055441 0.073922
0 0.865503 0.253593 0.065708 0.088296
0 0.913758 0.205339 0.084189 0.073922
0 0.959446 0.137577 0.081108 0.082136
0 0.981006 0.105749 0.037988 0.100616
0 0.972793 0.373717 0.054414 0.078029
0 0.912731 0.445585 0.078029 0.065708
0 0.858316 0.529774 0.067762 0.090349
0 0.786448 0.582136 0.088296 0.112936
0 0.711499 0.702259 0.094456 0.098563
0 0.640657 0.774127 0.080082 0.061602
0 0.601643 0.832649 0.117043 0.075975
0 0.540041 0.906571 0.084189 0.108830
0 0.466119 0.957906 0.080082 0.084188