0 0.477413 0.672485 0.094456 0.137577
0 0.195072 0.130390 0.100616 0.075975
0 0.209446 0.071869 0.084189 0.082136
0 0.270021 0.029774 0.061602 0.051335
0 0.082136 0.246407 0.112936 0.086242
0 0.053388 0.041068 0.088296 0.082136
0 0.028234 0.302875 0.056468 0.080082
0 0.665298 0.450719 0.067762 0.088296
0 0.834702 0.524641 0.069815 0.067762
0 0.728953 0.742300 0.088296 0.055441
0 0.772074 0.776181 0.100616 0.061602
0 0.825462 0.829569 0.112936 0.102669
0 0.956366 0.913758 0.087268 0.127310
0 0.969713 0.746407 0.060574 0.100616
0 0.829569 0.968172 0.055441 0.063655
0 0.746407 0.968172 0.045175 0.059548