0 0.033368 0.526694 0.066735 0.080082
0 0.127310 0.488706 0.080082 0.082136
0 0.236140 0.501027 0.104723 0.090349
0 0.229979 0.309035 0.084189 0.108830
0 0.272074 0.350103 0.114990 0.112936
0 0.353183 0.209446 0.092402 0.094456
0 0.337230 0.409098 0.047386 0.075817
0 0.277207 0.410678 0.066340 0.053704
0 0.391723 0.416996 0.064761 0.063181
0 0.439109 0.488864 0.077397 0.077397
0 0.488075 0.530722 0.052124 0.060022
0 0.553625 0.535460 0.063181 0.075817
0 0.555994 0.580477 0.074238 0.061602
0 0.634971 0.627073 0.071079 0.069499
0 0.411362 0.036277 0.082136 0.050650
0 0.441478 0.085558 0.060233 0.050650
0 0.499658 0.075291 0.053388 0.049281
0 0.462012 0.134155 0.057495 0.073922
0 0.557837 0.151951 0.079398 0.101300
0 0.427789 0.278576 0.084873 0.132786
0 0.646817 0.035592 0.068446 0.071184
0 0.742642 0.078713 0.054757 0.061602
0 0.724846 0.127310 0.068446 0.065708
0 0.783025 0.146475 0.069815 0.052019
0 0.837098 0.169062 0.073922 0.064339
0 0.895962 0.035592 0.079398 0.071184
0 0.828884 0.017112 0.049281 0.034223
0 0.926762 0.077344 0.061602 0.069815
0 0.941821 0.039699 0.058864 0.062971
0 0.973990 0.108145 0.049281 0.065708
0 0.959617 0.257358 0.080766 0.062971
0 0.610541 0.214921 0.069815 0.071184
0 0.646817 0.252567 0.071184 0.067077
0 0.695414 0.288159 0.061602 0.069815
0 0.760438 0.307324 0.090349 0.083504
0 0.813142 0.333333 0.067077 0.069815
0 0.814511 0.383984 0.075291 0.067077
0 0.845996 0.432580 0.047912 0.065708
0 0.905544 0.460643 0.073922 0.056126
0 0.930185 0.485284 0.057495 0.064339
0 0.957563 0.514031 0.054757 0.069815
0 0.681040 0.505818 0.073922 0.091718
0 0.611910 0.415469 0.067077 0.058864
0 0.616701 0.449692 0.057495 0.045175
0 0.673511 0.414784 0.072553 0.071184
0 0.561259 0.416838 0.042437 0.050650
0 0.563997 0.368241 0.047912 0.062971
0 0.507187 0.355921 0.073922 0.106776
0 0.765914 0.533881 0.068446 0.106776
0 0.885695 0.608487 0.042437 0.045175
0 0.863792 0.660507 0.072553 0.058864
0 0.706366 0.664613 0.099932 0.075291
0 0.749487 0.716632 0.073922 0.064339
0 0.797399 0.740589 0.052019 0.054757
0 0.802875 0.798084 0.079398 0.106776
0 0.875428 0.817933 0.049281 0.064339
0 0.892539 0.855578 0.064339 0.076660
0 0.963039 0.919233 0.073922 0.075291
0 0.848734 0.970910 0.078029 0.058179
0 0.779603 0.983915 0.049281 0.032170
0 0.709103 0.904175 0.102669 0.110883
0 0.635866 0.839836 0.106776 0.078029
0 0.512663 0.761123 0.071184 0.071184
0 0.423682 0.677618 0.057495 0.052019
0 0.415469 0.629021 0.054757 0.056126
0 0.361396 0.639973 0.056126 0.072553
0 0.117728 0.591376 0.058864 0.065708
0 0.055441 0.618070 0.052019 0.061602
0 0.090349 0.668720 0.088980 0.091718
0 0.182067 0.684463 0.075291 0.079398
0 0.177960 0.739220 0.050650 0.062971
0 0.236140 0.708419 0.060233 0.050650
0 0.203970 0.765229 0.058864 0.068446
0 0.297741 0.766598 0.062971 0.062971
0 0.349076 0.778234 0.078029 0.056126
0 0.301164 0.829569 0.072553 0.087611
0 0.409309 0.842574 0.067077 0.053388
0 0.405202 0.882957 0.047912 0.071184
0 0.454483 0.877481 0.069815 0.062971
0 0.452430 0.917180 0.057495 0.065708
0 0.517454 0.936345 0.053388 0.054757
0 0.485284 0.964408 0.060233 0.047912
0 0.575633 0.970910 0.049281 0.058179
0 0.509240 0.984600 0.078029 0.030800
0 0.286105 0.967488 0.086242 0.065024
0 0.262149 0.933607 0.079398 0.062971
0 0.184120 0.956879 0.090349 0.038330
0 0.195756 0.909651 0.067077 0.078029
0 0.137577 0.874743 0.090349 0.079398
0 0.014374 0.715264 0.027379 0.058864
0 0.927447 0.678987 0.041068 0.049281
0 0.967146 0.321013 0.052019 0.056126
0 0.841205 0.213552 0.035592 0.049281
0 0.879535 0.195756 0.046543 0.054757