0 0.032775 0.117675 0.065550 0.077397
0 0.072658 0.140578 0.074238 0.072658
0 0.112147 0.182436 0.061602 0.067920
0 0.151635 0.200600 0.080556 0.104249
0 0.234560 0.067920 0.066340 0.063181
0 0.108988 0.018954 0.061602 0.037908
0 0.280366 0.082925 0.063181 0.064761
0 0.266940 0.156373 0.074238 0.075817
0 0.337230 0.117675 0.053704 0.083715
0 0.386195 0.172958 0.091613 0.102669
0 0.405149 0.021324 0.091613 0.042647
0 0.507029 0.056863 0.074238 0.097931
0 0.513347 0.125573 0.099510 0.083715
0 0.578108 0.117675 0.077397 0.074238
0 0.698942 0.054494 0.110567 0.083715
0 0.781077 0.097931 0.091613 0.069499
0 0.845838 0.144527 0.066340 0.090033
0 0.881377 0.184805 0.080556 0.082136
0 0.895593 0.027642 0.042647 0.055284
0 0.931133 0.036329 0.066340 0.072658
0 0.973464 0.046596 0.053072 0.093192
0 0.596272 0.015795 0.034750 0.031590
0 0.690254 0.250355 0.052124 0.061602
0 0.739220 0.251145 0.077397 0.078976
0 0.728163 0.308008 0.061602 0.053704
0 0.816617 0.279577 0.061602 0.060022
0 0.777918 0.324593 0.072658 0.074238
0 0.928763 0.260622 0.074238 0.078976
0 0.864003 0.339599 0.061602 0.072658
0 0.813458 0.373559 0.080556 0.074238
0 0.913758 0.371979 0.104249 0.074238
0 0.483336 0.277207 0.061602 0.083715
0 0.538619 0.302480 0.058443 0.061602
0 0.537830 0.326963 0.056863 0.066340
0 0.574159 0.364871 0.072658 0.085295
0 0.622335 0.391723 0.055284 0.050545
0 0.638920 0.438319 0.060022 0.064761
0 0.691044 0.439109 0.056863 0.072658
0 0.731322 0.494393 0.061602 0.094772
0 0.796873 0.479387 0.063181 0.048965
0 0.773180 0.559943 0.085295 0.086874
0 0.943769 0.631812 0.088454 0.072658
0 0.980572 0.721055 0.038856 0.124783
0 0.950561 0.864003 0.098878 0.094772
0 0.974254 0.925604 0.051492 0.066340
0 0.854525 0.971489 0.077397 0.057021
0 0.794503 0.975438 0.067920 0.049123
0 0.708419 0.809509 0.060022 0.083715
0 0.635761 0.849787 0.088454 0.091613
0 0.528353 0.943769 0.078976 0.099510
0 0.510978 0.931922 0.082136 0.094772
0 0.424104 0.868741 0.069499 0.075817
0 0.358553 0.800821 0.074238 0.060022
0 0.319065 0.752646 0.090033 0.055284
0 0.273259 0.664982 0.061602 0.078976
0 0.214816 0.719476 0.090033 0.086874
0 0.300900 0.910599 0.047386 0.074238
0 0.244827 0.928763 0.061602 0.044227
0 0.158743 0.957274 0.066340 0.085452
0 0.061602 0.959643 0.077397 0.080714
0 0.021719 0.969120 0.043437 0.061760
0 0.049360 0.758174 0.098720 0.094772
0 0.097141 0.791344 0.072658 0.056863
0 0.024878 0.703680 0.049755 0.067920
0 0.087664 0.539409 0.082136 0.077397
0 0.029221 0.529142 0.050545 0.060022
0 0.154794 0.627863 0.058443 0.077397
0 0.100300 0.598642 0.056863 0.085295
0 0.186384 0.656294 0.077397 0.086874
0 0.262992 0.530722 0.094772 0.110567
0 0.168220 0.474649 0.075817 0.067920
0 0.049755 0.360133 0.063181 0.097931
0 0.024088 0.326963 0.048176 0.069499
0 0.255094 0.341968 0.075817 0.083715
0 0.311167 0.371189 0.083715 0.097931
0 0.355394 0.398041 0.077397 0.072658
0 0.417785 0.420945 0.063181 0.083715
0 0.439899 0.477808 0.104249 0.086874
0 0.476228 0.527563 0.088454 0.082136
0 0.548886 0.559153 0.056863 0.075817
0 0.444637 0.669720 0.082136 0.050545
0 0.538619 0.658664 0.052124 0.060022
0 0.539409 0.697362 0.069499 0.067920
0 0.569420 0.728953 0.060022 0.067920
0 0.697362 0.656294 0.085295 0.067920
0 0.735271 0.709209 0.075817 0.078976
0 0.814247 0.706839 0.063181 0.077397
0 0.818196 0.770810 0.080556 0.088454
0 0.567051 0.178487 0.048965 0.056863
0 0.308798 0.297741 0.047386 0.058443
0 0.718686 0.911388 0.042647 0.050545
0 0.392513 0.978597 0.028432 0.042805
0 0.598642 0.984126 0.039488 0.031748