0 0.093192 0.160322 0.064761 0.093192
0 0.145317 0.154004 0.080556 0.086874
0 0.440689 0.032380 0.064761 0.064760
0 0.527563 0.068710 0.055284 0.058443
0 0.574949 0.118465 0.058443 0.085295
0 0.638920 0.140578 0.050545 0.047386
0 0.685516 0.176118 0.061602 0.090033
0 0.718686 0.230611 0.055284 0.088454
0 0.794503 0.279577 0.067920 0.053704
0 0.836361 0.327752 0.060022 0.090033
0 0.879798 0.323804 0.052124 0.066340
0 0.975043 0.418575 0.049913 0.072658
0 0.990049 0.294582 0.019902 0.039488
0 0.986890 0.223503 0.026220 0.077397
0 0.912178 0.191913 0.066340 0.071079
0 0.894803 0.150055 0.037909 0.060022
0 0.851366 0.138209 0.064761 0.080556
0 0.817406 0.052914 0.097931 0.083715
0 0.725004 0.067130 0.036329 0.071079
0 0.784236 0.110567 0.060022 0.050545
0 0.971095 0.038698 0.057810 0.064761
0 0.379877 0.137419 0.044227 0.053704
0 0.355394 0.186384 0.055284 0.063181
0 0.422524 0.194282 0.034750 0.041068
0 0.461223 0.218765 0.030011 0.052124
0 0.480967 0.250355 0.063181 0.080556
0 0.581267 0.345127 0.064761 0.080556
0 0.634181 0.346707 0.053704 0.048965
0 0.646027 0.402780 0.071079 0.091613
0 0.727373 0.458853 0.078976 0.052124
0 0.816617 0.526773 0.102669 0.102669
0 0.890065 0.576528 0.097931 0.091613
0 0.960038 0.622335 0.079924 0.101090
0 0.575738 0.542568 0.088454 0.083715
0 0.537040 0.505449 0.055284 0.066340
0 0.421734 0.424104 0.055284 0.071079
0 0.399621 0.389354 0.071079 0.061602
0 0.315906 0.311167 0.052124 0.066340
0 0.251935 0.265361 0.066340 0.078976
0 0.229822 0.250355 0.056863 0.064761
0 0.235350 0.028432 0.042647 0.056863
0 0.330122 0.118465 0.045806 0.056863
0 0.270100 0.097931 0.058443 0.053704
0 0.709209 0.634181 0.090033 0.067920
0 0.651556 0.635761 0.047386 0.042647
0 0.766072 0.661823 0.052124 0.053704
0 0.738430 0.694993 0.050545 0.050545
0 0.786606 0.709998 0.074238 0.061602
0 0.830832 0.766861 0.071079 0.067920
0 0.897962 0.770810 0.066340 0.044227
0 0.871110 0.815827 0.053704 0.055284
0 0.933502 0.828463 0.074238 0.067920
0 0.963987 0.882957 0.072026 0.050545
0 0.931133 0.969831 0.072658 0.056863
0 0.683146 0.821355 0.066340 0.060022
0 0.697362 0.861633 0.063181 0.067920
0 0.577318 0.759754 0.041068 0.041068
0 0.557574 0.728163 0.045806 0.050545
0 0.533091 0.693413 0.075817 0.088454
0 0.459643 0.654715 0.055284 0.080556
0 0.425683 0.647607 0.072658 0.053704
0 0.381456 0.547307 0.060022 0.052124
0 0.360133 0.582057 0.055284 0.048965
0 0.224293 0.485705 0.061602 0.077397
0 0.204549 0.400411 0.053704 0.058443
0 0.172169 0.374348 0.042647 0.044227
0 0.104249 0.364871 0.036329 0.072658
0 0.071869 0.362502 0.078976 0.067920
0 0.055284 0.277997 0.048965 0.069499
0 0.028826 0.499921 0.057652 0.067920
0 0.098721 0.556784 0.072658 0.090033
0 0.131101 0.604170 0.067920 0.061602
0 0.199021 0.639709 0.086874 0.069499
0 0.231401 0.685516 0.075817 0.060022
0 0.262992 0.733691 0.075817 0.055284
0 0.378297 0.811088 0.110567 0.090033
0 0.468330 0.861633 0.072658 0.048965
0 0.510978 0.907440 0.085295 0.080556
0 0.567051 0.947718 0.064761 0.085295
0 0.649187 0.969910 0.080556 0.060180
0 0.445427 0.835571 0.036329 0.053704
0 0.356974 0.961933 0.061602 0.060022
0 0.253514 0.909019 0.078976 0.071079
0 0.208498 0.848997 0.108988 0.105828
0 0.130311 0.807929 0.097931 0.127942
0 0.104249 0.766072 0.067920 0.085295
0 0.029616 0.710788 0.059232 0.091613
0 0.034750 0.942189 0.055284 0.061602
0 0.097141 0.968330 0.072658 0.063339