0 0.037909 0.039488 0.039488 0.060022
0 0.020139 0.016585 0.040278 0.033170
0 0.147686 0.097141 0.056863 0.064761
0 0.074238 0.084505 0.042647 0.036329
0 0.080556 0.123203 0.086874 0.053704
0 0.102669 0.170589 0.061602 0.063181
0 0.204549 0.115306 0.056863 0.060022
0 0.262992 0.013426 0.078976 0.026852
0 0.330911 0.022903 0.050545 0.045806
0 0.365661 0.092402 0.050545 0.058443
0 0.538619 0.034750 0.090033 0.066340
0 0.803191 0.016585 0.041068 0.033170
0 0.841889 0.015795 0.042647 0.031590
0 0.964776 0.130311 0.070447 0.083715
0 0.833991 0.058443 0.052124 0.050545
0 0.736850 0.138999 0.069499 0.053704
0 0.698942 0.148476 0.063181 0.050545
0 0.807139 0.214026 0.048965 0.048965
0 0.800032 0.243248 0.037909 0.047386
0 0.897173 0.250355 0.045806 0.055284
0 0.512557 0.159532 0.044227 0.066340
0 0.473069 0.135840 0.047386 0.056863
0 0.385405 0.132680 0.061602 0.050545
0 0.552835 0.180856 0.045806 0.064761
0 0.740009 0.346707 0.044227 0.052124
0 0.837151 0.401200 0.055284 0.066340
0 0.941399 0.404360 0.036329 0.053704
0 0.830832 0.477018 0.064761 0.053704
0 0.769231 0.426473 0.048965 0.060022
0 0.627073 0.487285 0.058443 0.077397
0 0.674459 0.550466 0.067920 0.077397
0 0.736850 0.570210 0.041068 0.053704
0 0.751856 0.619175 0.074238 0.075817
0 0.807139 0.587585 0.033170 0.056863
0 0.913758 0.685516 0.075817 0.085295
0 0.549676 0.432001 0.067920 0.077397
0 0.488075 0.326963 0.055284 0.072658
0 0.465171 0.360133 0.085295 0.085295
0 0.420945 0.304059 0.078976 0.083715
0 0.382246 0.308798 0.045806 0.058443
0 0.324593 0.293792 0.041068 0.069499
0 0.283526 0.232981 0.044227 0.052124
0 0.212447 0.195862 0.060022 0.066340
0 0.114516 0.291423 0.053704 0.061602
0 0.185595 0.378297 0.053704 0.077397
0 0.294582 0.406729 0.069499 0.061602
0 0.434371 0.516506 0.083715 0.101090
0 0.661033 0.716317 0.060022 0.067920
0 0.724214 0.770810 0.056863 0.066340
0 0.843469 0.864003 0.058443 0.063181
0 0.812668 0.824514 0.060022 0.047386
0 0.952140 0.956484 0.095719 0.087032
0 0.766861 0.971489 0.047386 0.057021
0 0.727373 0.963592 0.047386 0.072816
0 0.660243 0.937451 0.083715 0.093192
0 0.518086 0.811878 0.064761 0.088454
0 0.492023 0.799242 0.050545 0.069499
0 0.478597 0.752646 0.052124 0.052124
0 0.435950 0.745538 0.055284 0.082136
0 0.394093 0.717106 0.063181 0.094772
0 0.353815 0.725004 0.077397 0.053704
0 0.314326 0.646817 0.077397 0.071079
0 0.257463 0.624704 0.080556 0.086874
0 0.146896 0.567841 0.052124 0.086874
0 0.119254 0.503870 0.047386 0.056863
0 0.027247 0.447007 0.054494 0.101090
0 0.080556 0.664982 0.042647 0.066340
0 0.016980 0.685516 0.033960 0.075817
0 0.120044 0.724214 0.052124 0.099510
0 0.176118 0.768441 0.053704 0.058443
0 0.243248 0.800821 0.071079 0.063181
0 0.308798 0.848207 0.053704 0.063181
0 0.429632 0.950166 0.090033 0.099668
0 0.152425 0.942189 0.066340 0.077397
0 0.042252 0.874269 0.084504 0.086874
0 0.938240 0.335650 0.042647 0.048965
0 0.620755 0.251935 0.052124 0.048965