0 0.052124 0.236929 0.061602 0.078976
0 0.020929 0.118465 0.041858 0.060022
0 0.071079 0.057653 0.055284 0.061602
0 0.113726 0.035539 0.080556 0.071078
0 0.160322 0.061602 0.044227 0.060022
0 0.298531 0.151635 0.039488 0.066340
0 0.292213 0.206918 0.055284 0.060022
0 0.330911 0.030011 0.085295 0.060022
0 0.377508 0.039488 0.052124 0.047386
0 0.434371 0.078976 0.061602 0.060022
0 0.407519 0.117675 0.052124 0.058443
0 0.488075 0.093192 0.071079 0.053704
0 0.513347 0.125573 0.045806 0.061602
0 0.598642 0.178487 0.061602 0.085295
0 0.528353 0.188754 0.066340 0.055284
0 0.623914 0.025272 0.090033 0.050544
0 0.669720 0.065550 0.055284 0.058443
0 0.634181 0.060022 0.037909 0.053704
0 0.788975 0.125573 0.066340 0.042647
0 0.836361 0.165851 0.060022 0.069499
0 0.969515 0.132680 0.060970 0.069499
0 0.967936 0.229032 0.064128 0.034750
0 0.974254 0.457274 0.051492 0.067920
0 0.975833 0.514137 0.048334 0.055284
0 0.938240 0.493603 0.048965 0.061602
0 0.898752 0.424104 0.071079 0.067920
0 0.884536 0.380667 0.048965 0.044227
0 0.845838 0.442268 0.063181 0.060022
0 0.828463 0.394093 0.069499 0.064761
0 0.804770 0.356184 0.069499 0.071079
0 0.759754 0.314326 0.074238 0.075817
0 0.696572 0.284315 0.071079 0.072658
0 0.668141 0.272469 0.074238 0.058443
0 0.632601 0.240088 0.101090 0.085295
0 0.377508 0.277997 0.058443 0.078976
0 0.438319 0.277997 0.047386 0.053704
0 0.492813 0.292213 0.064761 0.066340
0 0.465171 0.334860 0.063181 0.072658
0 0.623124 0.363292 0.072658 0.069499
0 0.555994 0.387774 0.086874 0.096351
0 0.698942 0.441478 0.050545 0.055284
0 0.657874 0.452535 0.060022 0.080556
0 0.612857 0.441478 0.048965 0.067920
0 0.702101 0.528353 0.069499 0.061602
0 0.806350 0.550466 0.066340 0.074238
0 0.905070 0.631812 0.083715 0.085295
0 0.982151 0.670510 0.035697 0.080556
0 0.800032 0.600221 0.047386 0.063181
0 0.745538 0.698942 0.045806 0.071079
0 0.818986 0.766861 0.034750 0.058443
0 0.870321 0.812668 0.071079 0.080556
0 0.957669 0.900332 0.084662 0.097931
0 0.739220 0.743958 0.030011 0.050545
0 0.709998 0.692624 0.063181 0.061602
0 0.630232 0.645238 0.042647 0.074238
0 0.586005 0.574949 0.064761 0.053704
0 0.498341 0.526773 0.060022 0.036329
0 0.468330 0.559943 0.041068 0.045806
0 0.447007 0.488864 0.102669 0.064761
0 0.365661 0.417785 0.066340 0.102669
0 0.341178 0.456484 0.074238 0.056863
0 0.298531 0.390144 0.074238 0.075817
0 0.272469 0.314326 0.075817 0.066340
0 0.197441 0.300900 0.071079 0.067920
0 0.130311 0.241668 0.053704 0.056863
0 0.173748 0.482546 0.048965 0.077397
0 0.132680 0.423314 0.048965 0.047386
0 0.336440 0.602590 0.052124 0.071079
0 0.456484 0.705260 0.071079 0.064761
0 0.584426 0.806350 0.067920 0.055284
0 0.676828 0.887695 0.050545 0.072658
0 0.732902 0.896383 0.058443 0.067920
0 0.755805 0.938240 0.085295 0.060022
0 0.803980 0.976228 0.074238 0.047544
0 0.609698 0.977808 0.058443 0.044384
0 0.452535 0.860843 0.063181 0.056863
0 0.386985 0.769231 0.042647 0.041068
0 0.311167 0.973069 0.061602 0.053862
0 0.191913 0.979387 0.072658 0.041226
0 0.024878 0.969120 0.049755 0.061760
0 0.076607 0.842679 0.078976 0.058443
0 0.018559 0.825304 0.037118 0.090033
0 0.033170 0.742379 0.055284 0.060022
0 0.157163 0.701311 0.053704 0.088454
0 0.135840 0.693413 0.048965 0.044227
0 0.308008 0.872690 0.058443 0.058443
0 0.170589 0.910599 0.067920 0.048965
0 0.210077 0.931922 0.077397 0.053704
0 0.212447 0.626283 0.053704 0.055284
0 0.082925 0.450956 0.060022 0.058443
0 0.725004 0.386985 0.045806 0.063181