0 0.019349 0.144527 0.038698 0.108988
0 0.084505 0.158743 0.113726 0.096351
0 0.146896 0.028432 0.048965 0.056863
0 0.181646 0.041068 0.067920 0.066340
0 0.219555 0.075028 0.071079 0.077397
0 0.281156 0.096351 0.067920 0.091613
0 0.298531 0.143737 0.048965 0.066340
0 0.369610 0.160322 0.042647 0.052124
0 0.401990 0.179277 0.050545 0.064761
0 0.356974 0.209288 0.045806 0.061602
0 0.413837 0.218765 0.077397 0.102669
0 0.368820 0.023693 0.047386 0.047386
0 0.435950 0.045806 0.067920 0.056863
0 0.334860 0.344337 0.067920 0.066340
0 0.265361 0.293003 0.052124 0.055284
0 0.119254 0.377508 0.085295 0.085295
0 0.082136 0.367241 0.067920 0.061602
0 0.023298 0.326173 0.046596 0.083715
0 0.525193 0.067920 0.053704 0.085295
0 0.578108 0.107408 0.074238 0.091613
0 0.604960 0.170589 0.105828 0.097931
0 0.683146 0.194282 0.072658 0.085295
0 0.740799 0.236140 0.115306 0.086874
0 0.777918 0.279577 0.066340 0.075817
0 0.843469 0.301690 0.086874 0.097931
0 0.872690 0.334070 0.063181 0.077397
0 0.917707 0.411467 0.055284 0.090033
0 0.980572 0.371979 0.038856 0.083715
0 0.968251 0.217975 0.058443 0.078976
0 0.922445 0.202970 0.055284 0.077397
0 0.884536 0.154794 0.071079 0.063181
0 0.864003 0.096351 0.055284 0.060022
0 0.808719 0.119254 0.080556 0.045806
0 0.773969 0.067130 0.048965 0.071079
0 0.732112 0.031591 0.078976 0.063181
0 0.966356 0.031591 0.067288 0.063181
0 0.673669 0.022113 0.063181 0.044226
0 0.568631 0.286685 0.061602 0.042647
0 0.495972 0.274048 0.064761 0.061602
0 0.525983 0.340389 0.083715 0.077397
0 0.645238 0.357763 0.063181 0.080556
0 0.668141 0.410678 0.077397 0.060022
0 0.720265 0.432001 0.061602 0.055284
0 0.754225 0.458063 0.066340 0.063181
0 0.802401 0.476228 0.048965 0.045806
0 0.825304 0.503870 0.066340 0.060022
0 0.947718 0.619175 0.058443 0.088454
0 0.916917 0.598642 0.078976 0.088454
0 0.860843 0.588375 0.058443 0.058443
0 0.904281 0.762123 0.053704 0.083715
0 0.932712 0.815827 0.069499 0.086874
0 0.790554 0.872690 0.075817 0.064761
0 0.837151 0.916917 0.036329 0.061602
0 0.904281 0.978597 0.066340 0.042805
0 0.939030 0.980177 0.053704 0.039646
0 0.661033 0.803191 0.078976 0.096351
0 0.631812 0.775549 0.064761 0.072658
0 0.560733 0.721055 0.058443 0.048965
0 0.683146 0.733691 0.044227 0.039488
0 0.836361 0.736850 0.082136 0.086874
0 0.782657 0.709209 0.082136 0.078976
0 0.750276 0.736850 0.055284 0.067920
0 0.740799 0.642079 0.045806 0.061602
0 0.694993 0.616016 0.048965 0.088454
0 0.653135 0.599431 0.063181 0.055284
0 0.604960 0.572579 0.058443 0.061602
0 0.575738 0.532301 0.078976 0.050545
0 0.492023 0.480177 0.044227 0.044227
0 0.457274 0.420945 0.050545 0.055284
0 0.334860 0.386195 0.086874 0.064761
0 0.267730 0.480177 0.056863 0.072658
0 0.196651 0.461223 0.072658 0.085295
0 0.171379 0.415416 0.044227 0.041068
0 0.341968 0.534671 0.044227 0.048965
0 0.289054 0.519665 0.112147 0.085295
0 0.411467 0.572579 0.063181 0.058443
0 0.465961 0.627863 0.090033 0.071079
0 0.559153 0.915337 0.052124 0.052124
0 0.522824 0.902701 0.061602 0.093192
0 0.458853 0.860843 0.056863 0.072658
0 0.407519 0.832412 0.064761 0.066340
0 0.380667 0.797662 0.083715 0.069499
0 0.319065 0.766072 0.080556 0.066340
0 0.279577 0.739220 0.045806 0.041068
0 0.268520 0.696572 0.067920 0.056863
0 0.335650 0.728163 0.050545 0.063181
0 0.217185 0.646027 0.088454 0.075817
0 0.042252 0.533091 0.084504 0.115306
0 0.019349 0.500711 0.038698 0.097931
0 0.372769 0.969910 0.058443 0.060180
0 0.555205 0.969910 0.072658 0.060180
0 0.313537 0.960433 0.072658 0.079134
0 0.253514 0.920866 0.069499 0.063181
0 0.209288 0.869531 0.066340 0.061602
0 0.184805 0.815827 0.083715 0.071079
0 0.131101 0.810299 0.064761 0.056863
0 0.083715 0.766861 0.071079 0.080556
0 0.021719 0.899542 0.043437 0.115306
0 0.044227 0.920866 0.045806 0.053704
0 0.133470 0.969910 0.078976 0.060180
0 0.011452 0.858474 0.022903 0.064761
0 0.618386 0.936661 0.060022 0.034750
0 0.985310 0.860054 0.029379 0.058443
0 0.439899 0.747907 0.069499 0.055284
0 0.377508 0.709209 0.067920 0.053704
0 0.112147 0.643658 0.042647 0.058443
0 0.069499 0.021324 0.055284 0.036329
0 0.035145 0.052914 0.070289 0.055284