0 0.039093 0.052914 0.078186 0.071079
0 0.078976 0.067130 0.067920 0.074238
0 0.128732 0.127152 0.104249 0.090033
0 0.172958 0.165061 0.069499 0.074238
0 0.258253 0.201390 0.069499 0.077397
0 0.288264 0.265361 0.075817 0.069499
0 0.360922 0.301690 0.088454 0.088454
0 0.386195 0.127152 0.069499 0.077397
0 0.415416 0.157953 0.064761 0.072658
0 0.454115 0.187174 0.069499 0.086874
0 0.484126 0.197441 0.050545 0.066340
0 0.528353 0.257463 0.063181 0.053704
0 0.591534 0.285895 0.069499 0.082136
0 0.541779 0.199810 0.048965 0.064761
0 0.257463 0.030801 0.039488 0.061602
0 0.549676 0.037119 0.067920 0.074238
0 0.583636 0.082925 0.060022 0.074238
0 0.623914 0.105039 0.071079 0.080556
0 0.673669 0.130311 0.075817 0.074238
0 0.712368 0.180066 0.077397 0.069499
0 0.781077 0.208498 0.078976 0.088454
0 0.871110 0.238509 0.085295 0.078976
0 0.865582 0.293003 0.039488 0.064761
0 0.967146 0.315116 0.065708 0.064761
0 0.952140 0.353025 0.095719 0.055284
0 0.963987 0.130311 0.072026 0.105828
0 0.867162 0.053704 0.064761 0.078976
0 0.788975 0.037119 0.104249 0.061602
0 0.649187 0.296162 0.074238 0.045806
0 0.729743 0.390144 0.086874 0.104249
0 0.786606 0.386985 0.061602 0.082136
0 0.817406 0.433581 0.094772 0.099510
0 0.864792 0.473859 0.091613 0.088454
0 0.965566 0.501501 0.068867 0.061602
0 0.956089 0.545727 0.087822 0.083715
0 0.977413 0.619965 0.045174 0.055284
0 0.543358 0.459643 0.061602 0.075817
0 0.639709 0.542568 0.077397 0.096351
0 0.747117 0.593113 0.067920 0.071079
0 0.807929 0.647607 0.075817 0.078976
0 0.876639 0.679987 0.090033 0.124783
0 0.926394 0.690254 0.078976 0.053704
0 0.975833 0.743958 0.048334 0.069499
0 0.777128 0.773969 0.064761 0.050545
0 0.705260 0.760543 0.069499 0.099510
0 0.674459 0.775549 0.108988 0.063181
0 0.638920 0.698152 0.075817 0.063181
0 0.563102 0.660243 0.082136 0.088454
0 0.477018 0.619965 0.086874 0.083715
0 0.414626 0.556784 0.078976 0.102669
0 0.304849 0.480967 0.077397 0.071079
0 0.216396 0.442268 0.061602 0.075817
0 0.163481 0.386195 0.078976 0.067920
0 0.127152 0.322224 0.050545 0.101090
0 0.087664 0.295372 0.069499 0.101090
0 0.018559 0.203759 0.037118 0.082136
0 0.027247 0.432001 0.054494 0.090033
0 0.057653 0.501501 0.075817 0.074238
0 0.079766 0.534671 0.056863 0.064761
0 0.135050 0.574949 0.075817 0.088454
0 0.164271 0.603380 0.077397 0.072658
0 0.227452 0.605749 0.067920 0.080556
0 0.266940 0.670510 0.077397 0.099510
0 0.320644 0.666561 0.074238 0.085295
0 0.371189 0.693413 0.058443 0.053704
0 0.458853 0.767651 0.078976 0.078976
0 0.571000 0.780287 0.091613 0.050545
0 0.301690 0.758964 0.061602 0.045806
0 0.204549 0.781077 0.069499 0.036329
0 0.135050 0.748697 0.069499 0.091613
0 0.070289 0.684726 0.072658 0.064761
0 0.037909 0.777918 0.045806 0.048965
0 0.089322 0.896304 0.082136 0.059548
0 0.030287 0.870637 0.060574 0.069815
0 0.588375 0.818986 0.060022 0.074238
0 0.520455 0.837151 0.069499 0.104249
0 0.352235 0.868741 0.061602 0.097931
0 0.252725 0.873480 0.045806 0.060022
0 0.254304 0.820565 0.058443 0.067920
0 0.210077 0.818986 0.086874 0.064761
0 0.270100 0.912178 0.055284 0.061602
0 0.359343 0.946138 0.085295 0.088454
0 0.191913 0.965961 0.078976 0.068078
0 0.167430 0.981756 0.074238 0.036487
0 0.096351 0.952456 0.083715 0.075817
0 0.645238 0.935871 0.056863 0.086874
0 0.672879 0.961223 0.061602 0.077554
0 0.748697 0.827673 0.074238 0.094772
0 0.840310 0.890065 0.118465 0.118465
0 0.824514 0.815037 0.039488 0.066340
0 0.926394 0.854525 0.063181 0.060022
0 0.961617 0.948507 0.076765 0.099510
0 0.974570 0.822145 0.045806 0.048965