0 0.229822 0.950087 0.053704 0.048965
0 0.189544 0.909809 0.077397 0.078976
0 0.114516 0.864792 0.060022 0.077397
0 0.067920 0.809509 0.071079 0.048965
0 0.037119 0.865582 0.069499 0.091613
0 0.070289 0.966751 0.075817 0.066498
0 0.236140 0.736850 0.075817 0.080556
0 0.412257 0.854525 0.039488 0.082136
0 0.453325 0.865582 0.042647 0.069499
0 0.097141 0.620755 0.104249 0.088454
0 0.101880 0.667351 0.085295 0.071079
0 0.251145 0.642079 0.030011 0.033170
0 0.275628 0.655505 0.063181 0.075817
0 0.326173 0.588375 0.053704 0.067920
0 0.445427 0.680777 0.067920 0.060022
0 0.628653 0.615227 0.052124 0.055284
0 0.484126 0.552045 0.066340 0.071079
0 0.619175 0.416206 0.067920 0.077397
0 0.606539 0.361712 0.045806 0.044227
0 0.670510 0.253514 0.041068 0.058443
0 0.719476 0.267730 0.047386 0.048965
0 0.454115 0.263781 0.060022 0.104249
0 0.371979 0.242458 0.050545 0.086874
0 0.288264 0.361712 0.050545 0.060022
0 0.326963 0.397252 0.090033 0.096351
0 0.424893 0.446217 0.080556 0.067920
0 0.414626 0.494393 0.075817 0.050545
0 0.227452 0.489654 0.067920 0.078976
0 0.260622 0.531512 0.077397 0.061602
0 0.145317 0.454904 0.055284 0.072658
0 0.196651 0.488075 0.060022 0.056863
0 0.090033 0.423314 0.077397 0.088454
0 0.062391 0.397252 0.072658 0.083715
0 0.024088 0.382246 0.048176 0.094772
0 0.043832 0.552835 0.087664 0.078976
0 0.010662 0.626283 0.021324 0.074238
0 0.465961 0.479387 0.064761 0.093192