0 0.049913 0.953043 0.093913 0.090435
0 0.063826 0.770435 0.097391 0.086957
0 0.122956 0.830435 0.100870 0.099130
0 0.224696 0.940870 0.113043 0.083478
0 0.149043 0.661739 0.146087 0.123478
0 0.091652 0.433043 0.100870 0.097391
0 0.251652 0.536522 0.107826 0.102609
0 0.330783 0.806957 0.088696 0.090435
0 0.402956 0.854783 0.107826 0.078261
0 0.481217 0.903478 0.121739 0.092174
0 0.783826 0.942609 0.097391 0.097391
0 0.698609 0.853913 0.097391 0.086957
0 0.631652 0.811304 0.102609 0.085217
0 0.518609 0.737391 0.088696 0.093913
0 0.449913 0.673043 0.104348 0.093913
0 0.369043 0.626087 0.064348 0.066087
0 0.935130 0.844348 0.104348 0.085217
0 0.841217 0.761739 0.135652 0.111304
0 0.660348 0.638261 0.097391 0.118261
0 0.561217 0.545217 0.118261 0.137391
0 0.453391 0.481739 0.107826 0.111304
0 0.313391 0.355652 0.095652 0.109565
0 0.255130 0.303478 0.090435 0.092174
0 0.119478 0.226957 0.128696 0.102609
0 0.964087 0.666087 0.071826 0.107826
0 0.902087 0.610435 0.104348 0.104348
0 0.797739 0.538261 0.083478 0.113043
0 0.719478 0.494783 0.090435 0.085217
0 0.637739 0.423478 0.097391 0.088696
0 0.568174 0.362609 0.093913 0.092174
0 0.251652 0.121739 0.097391 0.097391
0 0.161217 0.080000 0.100870 0.083478
0 0.095130 0.031304 0.139130 0.062608
0 0.959739 0.496522 0.080522 0.109565
0 0.925565 0.402609 0.088696 0.081739
0 0.815130 0.376522 0.086957 0.088696
0 0.740348 0.285217 0.090435 0.114783
0 0.662087 0.243478 0.093913 0.090435
0 0.609913 0.203478 0.090435 0.083478
0 0.549043 0.166957 0.125217 0.093913
0 0.409043 0.046957 0.081739 0.083478
0 0.334261 0.026957 0.099130 0.053913
0 0.976261 0.286957 0.047478 0.139130
0 0.857739 0.187826 0.071304 0.090435
0 0.792522 0.141739 0.083478 0.102609
0 0.713391 0.086087 0.088696 0.092174
0 0.636000 0.034783 0.118261 0.062609
0 0.978870 0.100870 0.042260 0.086957
0 0.908174 0.034783 0.151304 0.062609
0 0.516000 0.321739 0.093913 0.073043
0 0.442956 0.278261 0.111304 0.083478
0 0.326435 0.192174 0.097391 0.081739