0 0.038000 0.899130 0.076000 0.121739
0 0.105565 0.954783 0.114783 0.090434
0 0.446435 0.969565 0.107826 0.060870
0 0.368174 0.923478 0.100870 0.093913
0 0.269913 0.874783 0.095652 0.066087
0 0.192522 0.810435 0.107826 0.093913
0 0.035391 0.708696 0.070782 0.116522
0 0.730783 0.975652 0.095652 0.048696
0 0.662087 0.948696 0.073043 0.057391
0 0.582087 0.904348 0.100870 0.069565
0 0.483826 0.842609 0.088696 0.078261
0 0.424696 0.799130 0.053913 0.064348
0 0.360348 0.740870 0.099130 0.083478
0 0.242087 0.678261 0.067826 0.080000
0 0.205565 0.625217 0.081739 0.085217
0 0.105565 0.578261 0.073043 0.106087
0 0.061217 0.527826 0.078261 0.088696
0 0.876870 0.929565 0.099130 0.088696
0 0.821217 0.873043 0.067826 0.062609
0 0.761217 0.828696 0.090435 0.074783
0 0.669043 0.778261 0.093913 0.071304
0 0.619478 0.746957 0.067826 0.064348
0 0.573391 0.701739 0.090435 0.074783
0 0.487304 0.651304 0.071304 0.057391
0 0.465565 0.600000 0.097391 0.059130
0 0.365565 0.551304 0.081739 0.069565
0 0.280348 0.490435 0.085217 0.069565
0 0.487304 0.436522 0.071304 0.080000
0 0.198609 0.440000 0.078261 0.069565
0 0.144696 0.406957 0.088696 0.083478
0 0.057739 0.348696 0.081739 0.102609
0 0.073391 0.162609 0.074783 0.085217
0 0.181217 0.223478 0.081739 0.071304
0 0.252522 0.273913 0.102609 0.095652
0 0.549043 0.486087 0.104348 0.099130
0 0.655130 0.546957 0.076522 0.081739
0 0.706435 0.590435 0.078261 0.088696
0 0.761217 0.640000 0.080000 0.073043
0 0.822956 0.668696 0.074783 0.071304
0 0.904696 0.751304 0.085217 0.090435
0 0.961217 0.789565 0.066087 0.069565
0 0.955130 0.600870 0.085217 0.071304
0 0.922956 0.535652 0.086957 0.090435
0 0.823826 0.494783 0.097391 0.095652
0 0.765565 0.433043 0.085217 0.073043
0 0.701217 0.400000 0.085217 0.083478
0 0.606435 0.340000 0.066087 0.071304
0 0.473391 0.262609 0.071304 0.073043
0 0.416870 0.195652 0.076522 0.078261
0 0.364696 0.147826 0.090435 0.076522
0 0.272522 0.089565 0.076522 0.081739
0 0.166435 0.031304 0.097391 0.055652
0 0.404696 0.025217 0.066087 0.046957
0 0.455130 0.054783 0.076522 0.064348
0 0.516870 0.056522 0.067826 0.095652
0 0.645565 0.140870 0.081739 0.080000
0 0.689043 0.210435 0.095652 0.111304
0 0.767304 0.253913 0.092174 0.093913
0 0.842087 0.299130 0.085217 0.076522
0 0.896870 0.345217 0.069565 0.088696
0 0.952522 0.387826 0.086957 0.104348
0 0.902956 0.148696 0.085217 0.095652
0 0.964087 0.189565 0.071826 0.083478
0 0.826435 0.097391 0.053913 0.076522
0 0.780348 0.063478 0.069565 0.074783
0 0.704696 0.026087 0.130435 0.052174
0 0.961478 0.029565 0.077044 0.059130
0 0.019739 0.096522 0.039478 0.085217
0 0.017739 0.289565 0.033043 0.113043
0 0.949913 0.960000 0.099130 0.076522