0 0.245565 0.958261 0.078261 0.073043
0 0.183826 0.970435 0.052174 0.048696
0 0.149913 0.910435 0.074783 0.060870
0 0.112522 0.878261 0.069565 0.069565
0 0.061217 0.838261 0.085217 0.069565
0 0.495130 0.970435 0.066087 0.055652
0 0.431652 0.913913 0.085217 0.074783
0 0.360348 0.860870 0.074783 0.059130
0 0.301217 0.810435 0.078261 0.062609
0 0.250783 0.786087 0.078261 0.073043
0 0.209913 0.756522 0.073043 0.052174
0 0.168174 0.730435 0.073043 0.052174
0 0.124696 0.708696 0.066087 0.053913
0 0.051913 0.646957 0.103826 0.090435
0 0.782956 0.971304 0.116522 0.057391
0 0.700348 0.893043 0.073043 0.067826
0 0.639478 0.915652 0.083478 0.067826
0 0.609043 0.870435 0.060870 0.057391
0 0.538609 0.792174 0.076522 0.071304
0 0.575130 0.838261 0.080000 0.069565
0 0.472522 0.765217 0.069565 0.048696
0 0.453391 0.723478 0.073043 0.066087
0 0.389043 0.677391 0.097391 0.074783
0 0.349043 0.653913 0.083478 0.073043
0 0.278609 0.614783 0.067826 0.067826
0 0.240348 0.573913 0.085217 0.069565
0 0.153391 0.519130 0.088696 0.067826
0 0.096000 0.494783 0.088696 0.064348
0 0.062956 0.441739 0.081739 0.073043
0 0.962348 0.911304 0.075304 0.090435
0 0.907304 0.871304 0.073043 0.083478
0 0.829913 0.810435 0.067826 0.076522
0 0.776000 0.782609 0.067826 0.083478
0 0.727304 0.765217 0.088696 0.090435
0 0.660348 0.706957 0.083478 0.081739
0 0.617739 0.645217 0.067826 0.055652
0 0.516870 0.593913 0.088696 0.126957
0 0.458609 0.573913 0.069565 0.066087
0 0.433391 0.534783 0.092174 0.088696
0 0.346435 0.466087 0.085217 0.100870
0 0.272522 0.426087 0.073043 0.080000
0 0.223826 0.372174 0.080000 0.069565
0 0.179478 0.326087 0.095652 0.078261
0 0.105565 0.292174 0.090435 0.090435
0 0.972783 0.731304 0.054434 0.113043
0 0.930783 0.671304 0.057391 0.062609
0 0.878609 0.640000 0.074783 0.066087
0 0.813391 0.613043 0.086957 0.081739
0 0.741217 0.544348 0.078261 0.073043
0 0.670783 0.522609 0.073043 0.078261
0 0.647304 0.490435 0.067826 0.069565
0 0.575130 0.443478 0.090435 0.083478
0 0.430783 0.332174 0.083478 0.080000
0 0.383826 0.282609 0.086957 0.074783
0 0.273391 0.217391 0.106087 0.059130
0 0.318609 0.264348 0.095652 0.062609
0 0.167304 0.147826 0.109565 0.073043
0 0.103826 0.088696 0.083478 0.066087
0 0.063826 0.058261 0.076522 0.064348
0 0.015391 0.043478 0.030782 0.086956
0 0.240348 0.022609 0.088696 0.041739
0 0.940348 0.505217 0.083478 0.095652
0 0.833391 0.414783 0.081739 0.109565
0 0.761217 0.365217 0.076522 0.090435
0 0.707304 0.333913 0.076522 0.073043
0 0.616000 0.267826 0.092174 0.080000
0 0.465565 0.156522 0.083478 0.069565
0 0.428174 0.126087 0.064348 0.074783
0 0.370783 0.078261 0.092174 0.086957
0 0.542087 0.020870 0.097391 0.041739
0 0.661217 0.093913 0.081739 0.069565
0 0.715130 0.142609 0.085217 0.069565
0 0.816870 0.206957 0.104348 0.076522
0 0.879478 0.253913 0.104348 0.083478
0 0.944696 0.308696 0.088696 0.085217