0 0.054261 0.960870 0.102609 0.078260
0 0.322087 0.973043 0.099130 0.050435
0 0.243826 0.920870 0.074783 0.060870
0 0.174261 0.872174 0.085217 0.071304
0 0.084696 0.799130 0.093913 0.081739
0 0.024087 0.726957 0.048174 0.080000
0 0.641217 0.972174 0.121739 0.055652
0 0.519478 0.930435 0.121739 0.086957
0 0.395130 0.844348 0.102609 0.081739
0 0.295130 0.753913 0.086957 0.067826
0 0.225565 0.715652 0.104348 0.078261
0 0.157739 0.650435 0.100870 0.086957
0 0.069913 0.580870 0.095652 0.090435
0 0.791652 0.916522 0.092174 0.069565
0 0.694261 0.908696 0.085217 0.074783
0 0.753391 0.852174 0.106087 0.069565
0 0.657739 0.841739 0.088696 0.076522
0 0.561217 0.766957 0.086957 0.076522
0 0.508174 0.721739 0.081739 0.080000
0 0.368174 0.619130 0.076522 0.090435
0 0.432522 0.655652 0.100870 0.076522
0 0.235130 0.519130 0.099130 0.099130
0 0.299478 0.573913 0.109565 0.086957
0 0.101217 0.446957 0.116522 0.086957