0 0.921217 0.318261 0.121739 0.097391
0 0.958870 0.227826 0.082260 0.107826
0 0.942956 0.586957 0.078261 0.081739
0 0.956261 0.523478 0.087478 0.073043
0 0.940348 0.794783 0.066087 0.073043
0 0.976261 0.740870 0.047478 0.083478
0 0.836870 0.923478 0.088696 0.083478
0 0.715130 0.849565 0.064348 0.064348
0 0.766435 0.793913 0.059130 0.060870
0 0.785565 0.740870 0.090435 0.066087
0 0.618609 0.725217 0.080000 0.069565
0 0.646435 0.663478 0.097391 0.081739
0 0.781217 0.518261 0.088696 0.080000
0 0.469913 0.633913 0.088696 0.081739
0 0.569043 0.514783 0.088696 0.080000
0 0.667304 0.406957 0.083478 0.083478
0 0.725565 0.335652 0.057391 0.066087
0 0.806435 0.255652 0.093913 0.073043
0 0.846435 0.172174 0.111304 0.066087
0 0.913391 0.090435 0.074783 0.066087
0 0.956870 0.044348 0.074783 0.053913
0 0.477739 0.393043 0.080000 0.104348
0 0.422087 0.460000 0.073043 0.092174
0 0.376000 0.497391 0.071304 0.069565
0 0.323826 0.566957 0.064348 0.083478
0 0.316000 0.305217 0.104348 0.085217
0 0.400348 0.213043 0.099130 0.078261
0 0.538609 0.038261 0.062609 0.069565
0 0.325565 0.042609 0.081739 0.078261
0 0.164696 0.250435 0.076522 0.066087
0 0.096000 0.331304 0.067826 0.085217