0 0.942956 0.832174 0.067826 0.092174
0 0.847304 0.967826 0.081739 0.064348
0 0.920348 0.600000 0.064348 0.055652
0 0.876000 0.656522 0.100870 0.102609
0 0.762087 0.800000 0.081739 0.062609
0 0.731652 0.846957 0.076522 0.066087
0 0.677739 0.920870 0.090435 0.085217
0 0.624696 0.967826 0.085217 0.064348
0 0.496000 0.900000 0.074783 0.078261
0 0.526435 0.845217 0.093913 0.083478
0 0.578609 0.773913 0.083478 0.093913
0 0.676000 0.691304 0.097391 0.092174
0 0.690783 0.634783 0.081739 0.086957
0 0.720348 0.580000 0.092174 0.074783
0 0.771652 0.546087 0.090435 0.083478
0 0.822087 0.493043 0.062609 0.060870
0 0.881217 0.428696 0.076522 0.067826
0 0.907304 0.373043 0.062609 0.043478
0 0.973391 0.251304 0.045217 0.092174
0 0.202956 0.973913 0.076522 0.052174
0 0.283826 0.906087 0.092174 0.062609
0 0.365565 0.815652 0.064348 0.073043
0 0.414261 0.733913 0.071304 0.045217
0 0.490783 0.652174 0.078261 0.080000
0 0.543826 0.578261 0.080000 0.081739
0 0.569043 0.525217 0.113043 0.073043
0 0.611652 0.457391 0.097391 0.093913
0 0.658609 0.410435 0.083478 0.090435
0 0.706435 0.350435 0.081739 0.060870
0 0.760348 0.273913 0.088696 0.067826
0 0.885565 0.137391 0.074783 0.073043
0 0.924696 0.080000 0.107826 0.069565
0 0.955391 0.034783 0.089217 0.069565
0 0.049913 0.914783 0.097391 0.069565
0 0.130783 0.822609 0.064348 0.083478
0 0.177739 0.768696 0.102609 0.080000
0 0.235130 0.720000 0.067826 0.069565
0 0.276000 0.654783 0.104348 0.092174
0 0.339478 0.572174 0.074783 0.073043
0 0.362956 0.505217 0.086957 0.074783
0 0.400348 0.460870 0.064348 0.066087
0 0.438609 0.410435 0.095652 0.073043
0 0.492522 0.361739 0.081739 0.069565
0 0.541217 0.302609 0.081739 0.066087
0 0.579478 0.252174 0.064348 0.059130
0 0.630783 0.205217 0.086957 0.073043
0 0.656870 0.150435 0.100870 0.081739
0 0.716870 0.104348 0.078261 0.062609
0 0.762956 0.037391 0.128696 0.074782
0 0.036870 0.705217 0.067826 0.078261
0 0.081217 0.637391 0.093913 0.085217
0 0.140348 0.564348 0.080000 0.095652
0 0.192522 0.508696 0.073043 0.060870
0 0.249913 0.433043 0.093913 0.093913
0 0.282956 0.363478 0.121739 0.093913
0 0.324696 0.316522 0.062609 0.055652
0 0.359478 0.266957 0.090435 0.092174
0 0.404696 0.206957 0.093913 0.090435
0 0.439478 0.160870 0.100870 0.060870
0 0.496870 0.108696 0.107826 0.092174
0 0.560348 0.030435 0.126957 0.057391
0 0.040348 0.435652 0.071304 0.081739
0 0.116000 0.360000 0.076522 0.062609
0 0.145565 0.295652 0.121739 0.086957
0 0.200348 0.219130 0.088696 0.069565
0 0.237739 0.145217 0.100870 0.074783
0 0.303826 0.082609 0.114783 0.071304
0 0.346435 0.030435 0.099130 0.057391
0 0.029043 0.192174 0.055652 0.067826
0 0.064696 0.142609 0.085217 0.080000
0 0.131652 0.070435 0.080000 0.071304
0 0.175130 0.018261 0.073043 0.036522