0 0.193391 0.345217 0.064348 0.067826
0 0.274261 0.251304 0.073043 0.071304
0 0.380348 0.143478 0.076522 0.074783
0 0.407304 0.060000 0.071304 0.067826
0 0.478609 0.022609 0.088696 0.045217
0 0.199478 0.071304 0.073043 0.059130
0 0.233391 0.032174 0.081739 0.060870
0 0.154261 0.133043 0.090435 0.071304
0 0.112522 0.192174 0.107826 0.085217
0 0.045565 0.286087 0.081739 0.106087
0 0.014522 0.059130 0.029043 0.073043
0 0.028435 0.557391 0.056870 0.085217
0 0.102956 0.460870 0.095652 0.066087
0 0.061217 0.500000 0.078261 0.064348