0 0.946435 0.922609 0.071304 0.081739
0 0.861217 0.849565 0.095652 0.092174
0 0.809043 0.814783 0.064348 0.074783
0 0.690783 0.715652 0.095652 0.088696
0 0.514261 0.575652 0.090435 0.093913
0 0.429043 0.516522 0.073043 0.080000
0 0.384696 0.460870 0.067826 0.059130
0 0.317739 0.413913 0.073043 0.069565
0 0.237739 0.369565 0.069565 0.064348
0 0.188174 0.323478 0.071304 0.069565
0 0.140348 0.269565 0.100870 0.080000
0 0.096000 0.472174 0.085217 0.078261
0 0.157739 0.517391 0.104348 0.081739
0 0.371652 0.671304 0.086957 0.090435
0 0.483826 0.756522 0.053913 0.069565
0 0.557739 0.820000 0.062609 0.092174
0 0.608174 0.875652 0.073043 0.071304
0 0.747304 0.970435 0.076522 0.059130
0 0.706435 0.943478 0.053913 0.053913
0 0.660348 0.913913 0.059130 0.050435
0 0.011913 0.812174 0.023826 0.076522
0 0.100348 0.858261 0.104348 0.099130
0 0.134261 0.916522 0.060870 0.080000
0 0.189043 0.960000 0.093913 0.066087
0 0.060348 0.653913 0.066087 0.073043
0 0.223826 0.782609 0.069565 0.069565
0 0.162087 0.723478 0.067826 0.076522
0 0.269043 0.800870 0.086957 0.067826
0 0.332522 0.846087 0.078261 0.081739
0 0.391652 0.897391 0.078261 0.052174
0 0.438609 0.925217 0.057391 0.062609
0 0.493391 0.966957 0.090435 0.066086
0 0.922087 0.688696 0.064348 0.076522
0 0.864696 0.650435 0.064348 0.069565
0 0.799478 0.583478 0.062609 0.074783
0 0.727304 0.557391 0.078261 0.067826
0 0.682956 0.504348 0.080000 0.083478
0 0.631652 0.461739 0.078261 0.067826
0 0.494261 0.362609 0.081739 0.078261
0 0.395130 0.292174 0.106087 0.076522
0 0.232522 0.151304 0.104348 0.086957
0 0.153391 0.080870 0.085217 0.067826
0 0.099478 0.045217 0.064348 0.055652
0 0.063826 0.020870 0.052174 0.038261
0 0.876000 0.490435 0.055652 0.076522
0 0.961478 0.527826 0.077044 0.081739
0 0.818609 0.405217 0.093913 0.086957
0 0.685565 0.313913 0.078261 0.067826
0 0.623826 0.268696 0.100870 0.081739
0 0.541217 0.193043 0.074783 0.066087
0 0.506435 0.162609 0.085217 0.071304
0 0.417739 0.118261 0.053913 0.062609
0 0.369913 0.064348 0.066087 0.062609
0 0.962956 0.343130 0.062609 0.078261
0 0.894261 0.285739 0.060870 0.074783
0 0.856000 0.216174 0.067826 0.074783
0 0.795130 0.178783 0.074783 0.069565
0 0.742087 0.127478 0.086957 0.085217
0 0.647304 0.053565 0.088696 0.083478
0 0.574261 0.035304 0.078261 0.060870
0 0.975391 0.144000 0.049217 0.073043
0 0.923826 0.087478 0.099130 0.067826
0 0.851652 0.033565 0.083478 0.060870