0 0.086435 0.837043 0.107826 0.102609
0 0.202956 0.910087 0.083478 0.081739
0 0.251652 0.955304 0.073043 0.071304
0 0.314261 0.982435 0.093913 0.035130
0 0.538609 0.978087 0.090435 0.043826
0 0.434261 0.947478 0.062609 0.062609
0 0.398609 0.886609 0.088696 0.083478
0 0.330783 0.839652 0.078261 0.073043
0 0.248174 0.804870 0.080000 0.066087
0 0.249913 0.751826 0.076522 0.050435
0 0.195130 0.731826 0.071304 0.066087
0 0.160348 0.680522 0.085217 0.074783
0 0.057739 0.635304 0.078261 0.064348
0 0.036870 0.579652 0.071304 0.102609
0 0.692522 0.898783 0.057391 0.059130
0 0.667304 0.870087 0.069565 0.060870
0 0.619478 0.823130 0.064348 0.053913
0 0.561217 0.823130 0.059130 0.053913
0 0.546435 0.769217 0.053913 0.067826
0 0.404696 0.721391 0.066087 0.069565
0 0.385565 0.653565 0.073043 0.066087
0 0.299478 0.597913 0.071304 0.069565
0 0.271652 0.557913 0.067826 0.062609
0 0.211652 0.531826 0.080000 0.062609
0 0.052522 0.404870 0.092174 0.076522
0 0.935130 0.879652 0.076522 0.066087
0 0.878609 0.850087 0.071304 0.066087
0 0.838609 0.805739 0.099130 0.081739
0 0.776000 0.767478 0.064348 0.067826
0 0.745565 0.721391 0.086957 0.076522
0 0.682956 0.652696 0.111304 0.078261
0 0.490783 0.532696 0.074783 0.081739
0 0.406435 0.494435 0.080000 0.064348
0 0.327304 0.384870 0.081739 0.064348
0 0.279478 0.356174 0.076522 0.076522
0 0.208174 0.290957 0.069565 0.067826
0 0.156870 0.262261 0.095652 0.069565
0 0.957739 0.678783 0.073043 0.078261
0 0.883826 0.648348 0.092174 0.090435
0 0.814261 0.584870 0.081739 0.088696
0 0.747304 0.530087 0.090435 0.076522
0 0.586435 0.401391 0.078261 0.069565
0 0.486435 0.348348 0.083478 0.071304
0 0.365565 0.256174 0.078261 0.095652
0 0.189043 0.093565 0.080000 0.083478
0 0.645565 0.452696 0.085217 0.078261
0 0.862087 0.403130 0.073043 0.076522
0 0.958870 0.520522 0.082260 0.095652
0 0.734261 0.324000 0.074783 0.074783
0 0.656000 0.265739 0.081739 0.086957
0 0.577739 0.184870 0.085217 0.078261
0 0.456870 0.095304 0.080000 0.069565
0 0.422956 0.062261 0.078261 0.059130
0 0.378609 0.030957 0.062609 0.052174
0 0.613391 0.039652 0.083478 0.066087
0 0.852522 0.233565 0.060870 0.071304
0 0.891652 0.248348 0.066087 0.069565
0 0.941217 0.283130 0.078261 0.097391
0 0.975391 0.350087 0.049217 0.120000
0 0.936000 0.084870 0.071304 0.076522
0 0.820348 0.164000 0.083478 0.071304
0 0.137739 0.030957 0.074783 0.052174