0 0.222956 0.956174 0.088696 0.083478
0 0.154261 0.886609 0.107826 0.107826
0 0.056870 0.774435 0.073043 0.106087
0 0.355130 0.811826 0.067826 0.073043
0 0.262956 0.770957 0.109565 0.099130
0 0.062087 0.587478 0.097391 0.104348
0 0.801217 0.960522 0.080000 0.078261
0 0.726435 0.894435 0.076522 0.088696
0 0.633391 0.860522 0.067826 0.083478
0 0.573391 0.777913 0.076522 0.067826
0 0.953391 0.912696 0.085217 0.097391
0 0.857739 0.809217 0.085217 0.078261
0 0.440348 0.675304 0.092174 0.102609
0 0.316000 0.548348 0.076522 0.074783
0 0.187304 0.506609 0.083478 0.078261
0 0.294261 0.373565 0.099130 0.090435
0 0.197739 0.253565 0.104348 0.076522
0 0.082956 0.200522 0.093913 0.088696
0 0.069913 0.425739 0.085217 0.076522
0 0.455130 0.868348 0.097391 0.081739
0 0.510783 0.958783 0.086957 0.057391
0 0.764696 0.718783 0.097391 0.074783
0 0.669913 0.659652 0.050435 0.074783
0 0.503826 0.504000 0.080000 0.073043
0 0.450783 0.447478 0.078261 0.074783
0 0.372522 0.412696 0.092174 0.081739
0 0.245565 0.124000 0.078261 0.078261
0 0.358609 0.184870 0.092174 0.081739
0 0.189913 0.060522 0.088696 0.086957
0 0.474261 0.270087 0.076522 0.102609
0 0.510783 0.298783 0.076522 0.073043
0 0.550783 0.387478 0.069565 0.069565
0 0.718609 0.477913 0.095652 0.083478
0 0.641217 0.419652 0.080000 0.078261
0 0.774261 0.537043 0.078261 0.080000
0 0.829913 0.586609 0.099130 0.081739
0 0.956261 0.667478 0.087478 0.100870
0 0.914261 0.450087 0.080000 0.083478
0 0.896870 0.594435 0.080000 0.066087
0 0.855130 0.363130 0.076522 0.076522
0 0.802087 0.342261 0.078261 0.083478
0 0.726435 0.281391 0.090435 0.080000
0 0.672522 0.221391 0.080000 0.085217
0 0.564696 0.149217 0.073043 0.066087
0 0.488174 0.084000 0.097391 0.078261
0 0.939478 0.053565 0.085217 0.083478
0 0.692522 0.045739 0.092174 0.078261
0 0.748174 0.109217 0.081739 0.097391
0 0.819478 0.177043 0.099130 0.080000
0 0.949043 0.243130 0.090435 0.090435
0 0.020348 0.290957 0.038261 0.123478
0 0.042348 0.363130 0.084696 0.080000
0 0.300348 0.978957 0.118261 0.042086