0 0.289043 0.918783 0.106087 0.099130
0 0.182087 0.859652 0.086957 0.099130
0 0.106435 0.797043 0.074783 0.064348
0 0.052522 0.758783 0.071304 0.078261
0 0.653391 0.978087 0.086957 0.043826
0 0.576870 0.951826 0.083478 0.074783
0 0.507304 0.885739 0.080000 0.081739
0 0.396000 0.804870 0.069565 0.080000
0 0.340348 0.762261 0.069565 0.067826
0 0.278609 0.718783 0.071304 0.064348
0 0.127304 0.600522 0.064348 0.071304
0 0.162087 0.644000 0.085217 0.071304
0 0.214261 0.688348 0.092174 0.069565
0 0.839478 0.966783 0.073043 0.066434
0 0.699478 0.817043 0.060870 0.076522
0 0.626435 0.771826 0.095652 0.069565
0 0.545565 0.710957 0.076522 0.076522
0 0.461217 0.664000 0.102609 0.086957
0 0.371652 0.558783 0.076522 0.064348
0 0.295130 0.534435 0.093913 0.081739
0 0.208174 0.446609 0.100870 0.097391
0 0.068174 0.357913 0.099130 0.100870
0 0.810783 0.730957 0.078261 0.085217
0 0.857739 0.755304 0.081739 0.085217
0 0.912522 0.795304 0.086957 0.095652
0 0.965826 0.875304 0.068348 0.095652
0 0.655130 0.590957 0.086957 0.086957
0 0.529043 0.514435 0.088696 0.073043
0 0.415130 0.403130 0.097391 0.083478
0 0.325565 0.354435 0.099130 0.080000
0 0.249913 0.290087 0.083478 0.083478
0 0.167304 0.209217 0.088696 0.074783
0 0.103826 0.172696 0.090435 0.078261
0 0.039478 0.093565 0.073043 0.073043
0 0.927304 0.596174 0.074783 0.055652
0 0.869043 0.536174 0.083478 0.078261
0 0.718609 0.424000 0.099130 0.086957
0 0.586435 0.311826 0.081739 0.071304
0 0.457739 0.262261 0.057391 0.086957
0 0.506435 0.230957 0.099130 0.083478
0 0.386435 0.167478 0.081739 0.088696
0 0.278609 0.103130 0.081739 0.071304
0 0.971043 0.427478 0.057913 0.080000
0 0.931652 0.377043 0.080000 0.069565
0 0.787304 0.265739 0.080000 0.076522
0 0.729043 0.243130 0.074783 0.080000
0 0.652522 0.184000 0.078261 0.080000
0 0.560348 0.104000 0.078261 0.073043
0 0.529913 0.065739 0.086957 0.066087
0 0.913391 0.152696 0.085217 0.080000
0 0.842956 0.122261 0.083478 0.071304
0 0.796000 0.059652 0.083478 0.067826