0 0.392522 0.957043 0.076522 0.071304
0 0.461217 0.972870 0.106087 0.054260
0 0.275130 0.869217 0.078261 0.066087
0 0.225565 0.816174 0.076522 0.071304
0 0.148174 0.765739 0.074783 0.074783
0 0.089043 0.709217 0.088696 0.069565
0 0.031043 0.644870 0.062086 0.083478
0 0.171652 0.949217 0.076522 0.073043
0 0.105565 0.961391 0.076522 0.069565
0 0.048174 0.905739 0.086957 0.069565
0 0.031043 0.836174 0.062086 0.086957
0 0.659478 0.932696 0.071304 0.074783
0 0.561217 0.887478 0.073043 0.071304
0 0.540348 0.823130 0.073043 0.074783
0 0.476000 0.790957 0.062609 0.059130
0 0.397739 0.766609 0.076522 0.090435
0 0.325565 0.670087 0.074783 0.050435
0 0.357739 0.707478 0.076522 0.080000
0 0.234261 0.620522 0.066087 0.073043
0 0.195130 0.585739 0.067826 0.062609
0 0.141217 0.558783 0.060870 0.067826
0 0.090783 0.529217 0.067826 0.060870
0 0.049913 0.495304 0.069565 0.069565
0 0.020609 0.247478 0.041217 0.095652
0 0.063826 0.279652 0.073043 0.062609
0 0.116870 0.330957 0.067826 0.081739
0 0.164696 0.349217 0.086957 0.069565
0 0.227304 0.417043 0.097391 0.107826
0 0.292522 0.451826 0.081739 0.073043
0 0.381217 0.524870 0.081739 0.076522
0 0.471652 0.614435 0.081739 0.067826
0 0.528174 0.661391 0.076522 0.071304
0 0.623826 0.711826 0.066087 0.057391
0 0.675130 0.770957 0.074783 0.092174
0 0.781217 0.855304 0.078261 0.076522
0 0.849043 0.886609 0.085217 0.066087
0 0.929913 0.930957 0.066087 0.064348
0 0.967565 0.965913 0.064870 0.068174
0 0.943826 0.745739 0.073043 0.062609
0 0.894261 0.710957 0.074783 0.066087
0 0.829043 0.667478 0.069565 0.062609
0 0.754261 0.612696 0.090435 0.067826
0 0.652522 0.542261 0.067826 0.073043
0 0.565565 0.471826 0.064348 0.057391
0 0.505565 0.407478 0.066087 0.057391
0 0.441217 0.348348 0.076522 0.074783
0 0.376000 0.334435 0.057391 0.053913
0 0.322087 0.267478 0.074783 0.073043
0 0.216870 0.197913 0.086957 0.076522
0 0.136000 0.135304 0.074783 0.052174
0 0.068174 0.089217 0.081739 0.071304
0 0.966696 0.568348 0.066608 0.083478
0 0.877739 0.496174 0.100870 0.081739
0 0.761217 0.407478 0.073043 0.074783
0 0.649913 0.325739 0.080000 0.067826
0 0.577739 0.249217 0.081739 0.074783
0 0.473391 0.174435 0.064348 0.074783
0 0.529913 0.206609 0.076522 0.069565
0 0.404696 0.135304 0.062609 0.066087
0 0.361217 0.122261 0.073043 0.057391
0 0.303826 0.064870 0.080000 0.067826
0 0.966696 0.353565 0.066608 0.078261
0 0.891652 0.277913 0.069565 0.080000
0 0.916000 0.325739 0.069565 0.071304
0 0.800348 0.270957 0.081739 0.069565
0 0.761217 0.210957 0.086957 0.064348
0 0.560348 0.042261 0.078261 0.078261
0 0.978870 0.177043 0.042260 0.080000
0 0.931652 0.146609 0.069565 0.071304
0 0.873391 0.117043 0.040000 0.043478
0 0.843826 0.076174 0.060870 0.052174
0 0.778609 0.039652 0.097391 0.076522