0 0.124696 0.856174 0.073043 0.078261
0 0.057739 0.853565 0.067826 0.080000
0 0.191652 0.960696 0.085217 0.078608
0 0.295130 0.846609 0.066087 0.086957
0 0.511652 0.967478 0.088696 0.064348
0 0.222956 0.760522 0.074783 0.088696
0 0.166435 0.705739 0.069565 0.059130
0 0.093391 0.650957 0.076522 0.067826
0 0.044696 0.621391 0.086957 0.078261
0 0.753391 0.976348 0.078261 0.047304
0 0.716000 0.917043 0.069565 0.067826
0 0.595130 0.880522 0.071304 0.071304
0 0.569913 0.816174 0.083478 0.064348
0 0.462956 0.747478 0.060870 0.069565
0 0.393391 0.697913 0.078261 0.064348
0 0.349913 0.657043 0.071304 0.062609
0 0.296000 0.631826 0.074783 0.053913
0 0.134261 0.505739 0.064348 0.055652
0 0.242956 0.575304 0.073043 0.069565
0 0.077739 0.450087 0.080000 0.055652
0 0.959478 0.954435 0.066087 0.066087
0 0.883826 0.848348 0.064348 0.066087
0 0.784696 0.787478 0.085217 0.083478
0 0.649913 0.690957 0.090435 0.081739
0 0.550783 0.624870 0.059130 0.064348
0 0.495130 0.566609 0.080000 0.073043
0 0.367304 0.446609 0.074783 0.069565
0 0.303826 0.411826 0.066087 0.062609
0 0.255130 0.364000 0.073043 0.064348
0 0.195130 0.339652 0.074783 0.071304
0 0.145565 0.286609 0.073043 0.073043
0 0.066435 0.245739 0.102609 0.074783
0 0.853391 0.628348 0.069565 0.085217
0 0.685565 0.517043 0.057391 0.067826
0 0.783826 0.564000 0.062609 0.064348
0 0.640348 0.472696 0.071304 0.073043
0 0.549043 0.399652 0.083478 0.066087
0 0.437739 0.301391 0.069565 0.067826
0 0.368174 0.247478 0.093913 0.081739
0 0.254261 0.177913 0.088696 0.071304
0 0.177739 0.108348 0.074783 0.067826
0 0.097739 0.046609 0.085217 0.062609
0 0.042087 0.026609 0.081739 0.046957
0 0.835130 0.450087 0.067826 0.069565
0 0.904696 0.664870 0.067826 0.071304
0 0.621217 0.271826 0.085217 0.074783
0 0.559478 0.188348 0.080000 0.078261
0 0.465565 0.125739 0.073043 0.074783
0 0.386435 0.060522 0.074783 0.083478
0 0.918609 0.276174 0.057391 0.083478
0 0.962956 0.284870 0.062609 0.059130
0 0.832522 0.196174 0.066087 0.076522
0 0.903826 0.053565 0.083478 0.086957
0 0.667304 0.064870 0.083478 0.064348
0 0.609913 0.067478 0.076522 0.062609
0 0.716000 0.301391 0.069565 0.064348
0 0.432522 0.530087 0.080000 0.062609
0 0.307304 0.020696 0.097391 0.041391