0 0.196000 0.887478 0.059130 0.043478
0 0.142087 0.865739 0.069565 0.062609
0 0.040348 0.775304 0.060870 0.069565
0 0.335130 0.978957 0.083478 0.042086
0 0.021478 0.712696 0.042956 0.080000
0 0.028435 0.564870 0.056870 0.086957
0 0.162087 0.587478 0.078261 0.073043
0 0.276000 0.768348 0.055652 0.073043
0 0.330783 0.743130 0.102609 0.078261
0 0.459478 0.880522 0.085217 0.081739
0 0.514261 0.937913 0.083478 0.071304
0 0.588174 0.963304 0.106087 0.073391
0 0.876870 0.956174 0.085217 0.066087
0 0.799478 0.937043 0.080000 0.069565
0 0.737739 0.881391 0.071304 0.069565
0 0.684696 0.834435 0.083478 0.080000
0 0.613391 0.777043 0.086957 0.083478
0 0.519478 0.717043 0.080000 0.071304
0 0.475130 0.666609 0.088696 0.081739
0 0.328174 0.548348 0.080000 0.088696
0 0.278609 0.501391 0.092174 0.078261
0 0.198609 0.445739 0.078261 0.074783
0 0.089043 0.409217 0.067826 0.071304
0 0.038609 0.332696 0.071304 0.071304
0 0.976261 0.878783 0.047478 0.092174
0 0.893391 0.797043 0.083478 0.085217
0 0.796000 0.726609 0.076522 0.093913
0 0.696000 0.664000 0.074783 0.066087
0 0.642956 0.613565 0.083478 0.080000
0 0.578609 0.552696 0.080000 0.076522
0 0.534261 0.534435 0.071304 0.071304
0 0.506435 0.494435 0.092174 0.078261
0 0.443826 0.476174 0.064348 0.066087
0 0.404696 0.434435 0.080000 0.080000
0 0.337739 0.383130 0.060870 0.060870
0 0.309913 0.343130 0.078261 0.078261
0 0.160348 0.250957 0.067826 0.085217
0 0.111652 0.213565 0.067826 0.086957
0 0.086435 0.172696 0.066087 0.067826
0 0.041217 0.132696 0.066087 0.074783
0 0.976261 0.657043 0.047478 0.093913
0 0.947304 0.607478 0.093913 0.088696
0 0.809043 0.513565 0.060870 0.085217
0 0.746435 0.469217 0.088696 0.086957
0 0.680348 0.453565 0.071304 0.073043
0 0.563826 0.376174 0.071304 0.078261
0 0.498609 0.301391 0.080000 0.078261
0 0.393391 0.190957 0.092174 0.080000
0 0.293391 0.146609 0.083478 0.078261
0 0.962348 0.437913 0.075304 0.083478
0 0.888174 0.390957 0.073043 0.076522
0 0.850783 0.369217 0.078261 0.074783
0 0.793391 0.310087 0.081739 0.081739
0 0.669043 0.210957 0.080000 0.088696
0 0.618609 0.192696 0.069565 0.066087
0 0.569913 0.154435 0.069565 0.069565
0 0.507304 0.093565 0.083478 0.080000
0 0.448174 0.045739 0.100870 0.078261
0 0.830783 0.142261 0.076522 0.080000
0 0.798609 0.081391 0.078261 0.069565
0 0.751652 0.102261 0.064348 0.080000
0 0.953391 0.036174 0.085217 0.069565
0 0.719478 0.033565 0.066087 0.057391
0 0.129913 0.023304 0.093913 0.046608