0 0.069913 0.912696 0.113043 0.076522
0 0.039478 0.846609 0.073043 0.093913
0 0.322956 0.933565 0.073043 0.069565
0 0.253391 0.861391 0.090435 0.074783
0 0.189043 0.813565 0.086957 0.086957
0 0.174261 0.745739 0.092174 0.076522
0 0.091652 0.719652 0.080000 0.076522
0 0.429043 0.801391 0.107826 0.104348
0 0.304696 0.670087 0.085217 0.092174
0 0.199478 0.624870 0.083478 0.085217
0 0.128174 0.570087 0.076522 0.080000
0 0.055130 0.500522 0.083478 0.086957
0 0.591652 0.702261 0.074783 0.076522
0 0.536870 0.637043 0.073043 0.092174
0 0.441217 0.597913 0.104348 0.100870
0 0.343826 0.507478 0.073043 0.090435
0 0.290783 0.470957 0.081739 0.080000
0 0.221217 0.433565 0.081739 0.088696
0 0.176870 0.380522 0.090435 0.083478
0 0.027565 0.246609 0.055130 0.073043
0 0.705565 0.578783 0.076522 0.076522
0 0.596000 0.515304 0.073043 0.088696
0 0.539478 0.445739 0.102609 0.071304
0 0.396870 0.348348 0.085217 0.088696
0 0.327304 0.280522 0.078261 0.071304
0 0.273391 0.205739 0.071304 0.071304
0 0.083826 0.112696 0.071304 0.062609
0 0.055130 0.058783 0.083478 0.069565
0 0.789913 0.451826 0.074783 0.073043
0 0.724696 0.420522 0.066087 0.080000
0 0.676000 0.377043 0.069565 0.073043
0 0.601217 0.318783 0.083478 0.088696
0 0.537739 0.262261 0.074783 0.069565
0 0.509913 0.200522 0.071304 0.067826
0 0.453391 0.237043 0.066087 0.064348
0 0.330783 0.115304 0.092174 0.099130
0 0.247304 0.042261 0.071304 0.064348
0 0.545565 0.064870 0.066087 0.074783
0 0.602956 0.117043 0.107826 0.085217
0 0.804696 0.095304 0.080000 0.097391
0 0.871652 0.130957 0.113043 0.085217
0 0.949913 0.181391 0.088696 0.088696