0 0.031043 0.930087 0.062086 0.104348
0 0.081217 0.971130 0.114783 0.057739
0 0.349913 0.982435 0.081739 0.035130
0 0.262956 0.943130 0.071304 0.060870
0 0.233391 0.892696 0.092174 0.074783
0 0.192522 0.920522 0.073043 0.057391
0 0.142087 0.886609 0.090435 0.059130
0 0.184696 0.843130 0.099130 0.076522
0 0.602956 0.973739 0.073043 0.052522
0 0.557739 0.947478 0.069565 0.062609
0 0.502956 0.893565 0.088696 0.080000
0 0.428174 0.849217 0.060870 0.057391
0 0.398609 0.814435 0.078261 0.074783
0 0.347304 0.796174 0.083478 0.059130
0 0.315130 0.770087 0.064348 0.055652
0 0.268174 0.744000 0.071304 0.066087
0 0.211652 0.706609 0.097391 0.060870
0 0.084696 0.809217 0.066087 0.060870
0 0.443826 0.669217 0.085217 0.090435
0 0.382087 0.650087 0.069565 0.066087
0 0.509913 0.719652 0.088696 0.083478
0 0.577739 0.775304 0.102609 0.086957
0 0.630783 0.817913 0.080000 0.081739
0 0.690783 0.877913 0.102609 0.083478
0 0.756000 0.911826 0.090435 0.088696
0 0.814261 0.937913 0.067826 0.074783
0 0.860348 0.968522 0.080000 0.062956
0 0.934261 0.980696 0.120000 0.038608
0 0.340348 0.599652 0.083478 0.076522
0 0.297739 0.562261 0.085217 0.095652
0 0.239478 0.525739 0.069565 0.078261
0 0.179478 0.494435 0.099130 0.081739
0 0.128174 0.435304 0.066087 0.067826
0 0.048174 0.358783 0.069565 0.053913
0 0.080348 0.390957 0.064348 0.066087
0 0.960348 0.858783 0.071304 0.083478
0 0.895130 0.815304 0.073043 0.076522
0 0.836000 0.753565 0.080000 0.078261
0 0.776000 0.718783 0.074783 0.074783
0 0.747304 0.683130 0.069565 0.062609
0 0.689043 0.645739 0.085217 0.081739
0 0.614261 0.612696 0.092174 0.088696
0 0.542956 0.557043 0.074783 0.074783
0 0.483826 0.503130 0.078261 0.078261
0 0.433391 0.470957 0.085217 0.069565
0 0.390783 0.437043 0.076522 0.074783
0 0.318609 0.387478 0.095652 0.083478
0 0.237739 0.342261 0.073043 0.090435
0 0.192522 0.280522 0.076522 0.074783
0 0.134261 0.235304 0.081739 0.071304
0 0.081217 0.203130 0.055652 0.062609
0 0.036870 0.170957 0.064348 0.078261
0 0.971913 0.637043 0.056174 0.081739
0 0.895130 0.612696 0.066087 0.078261
0 0.800348 0.539652 0.102609 0.085217
0 0.720348 0.493565 0.074783 0.086957
0 0.686435 0.439652 0.059130 0.055652
0 0.628174 0.420522 0.074783 0.069565
0 0.545565 0.344870 0.066087 0.078261
0 0.482956 0.308348 0.066087 0.088696
0 0.455130 0.276174 0.086957 0.069565
0 0.402956 0.240522 0.069565 0.074783
0 0.330783 0.185739 0.060870 0.069565
0 0.284696 0.147478 0.069565 0.076522
0 0.251652 0.115304 0.080000 0.085217
0 0.134261 0.051826 0.113043 0.093913
0 0.929043 0.404870 0.074783 0.090435
0 0.877739 0.388348 0.093913 0.095652
0 0.793391 0.322261 0.088696 0.092174
0 0.725565 0.284000 0.092174 0.099130
0 0.654261 0.212696 0.102609 0.106087
0 0.559478 0.164870 0.069565 0.076522
0 0.509913 0.126609 0.081739 0.080000
0 0.459478 0.094435 0.081739 0.067826
0 0.413391 0.055304 0.090435 0.080000
0 0.923826 0.223130 0.071304 0.088696
0 0.869913 0.190957 0.074783 0.083478
0 0.794261 0.137043 0.073043 0.062609
0 0.769913 0.097043 0.062609 0.069565
0 0.698609 0.057043 0.083478 0.076522
0 0.632522 0.030957 0.125217 0.059130
0 0.913391 0.035478 0.085217 0.070956
0 0.954522 0.087478 0.090956 0.133913