0 0.126435 0.960522 0.093913 0.071304
0 0.072522 0.918783 0.118261 0.092174
0 0.484696 0.981565 0.093913 0.036870
0 0.406435 0.954435 0.076522 0.066087
0 0.343826 0.907478 0.066087 0.086957
0 0.309043 0.881391 0.076522 0.069565
0 0.224696 0.838783 0.074783 0.067826
0 0.172522 0.766609 0.060870 0.062609
0 0.117739 0.747478 0.080000 0.076522
0 0.034522 0.666609 0.069043 0.092174
0 0.749043 0.974609 0.135652 0.050782
0 0.667304 0.933565 0.076522 0.104348
0 0.602087 0.910087 0.067826 0.078261
0 0.556000 0.860522 0.069565 0.076522
0 0.490783 0.816174 0.085217 0.088696
0 0.416000 0.769217 0.081739 0.088696
0 0.328174 0.718783 0.080000 0.078261
0 0.262956 0.663130 0.078261 0.092174
0 0.194261 0.624000 0.086957 0.093913
0 0.079478 0.540522 0.069565 0.086957
0 0.123826 0.565739 0.099130 0.088696
0 0.037739 0.489217 0.073043 0.106087
0 0.957739 0.947478 0.080000 0.076522
0 0.869913 0.914435 0.088696 0.093913
0 0.808174 0.864870 0.100870 0.106087
0 0.762956 0.833565 0.080000 0.088696
0 0.697739 0.772696 0.099130 0.099130
0 0.619478 0.732696 0.085217 0.099130
0 0.548174 0.665739 0.099130 0.100870
0 0.428174 0.584000 0.106087 0.104348
0 0.350783 0.521391 0.104348 0.111304
0 0.279478 0.448348 0.104348 0.121739
0 0.192522 0.435304 0.097391 0.102609
0 0.121217 0.361391 0.090435 0.107826
0 0.028435 0.295304 0.056870 0.114783
0 0.964087 0.777913 0.071826 0.099130
0 0.933391 0.722261 0.093913 0.109565
0 0.827304 0.664870 0.097391 0.109565
0 0.726435 0.600522 0.073043 0.095652
0 0.528174 0.457913 0.083478 0.099130
0 0.470783 0.409217 0.073043 0.099130
0 0.364696 0.350957 0.062609 0.100870
0 0.249043 0.284870 0.081739 0.114783
0 0.171652 0.204000 0.142609 0.102609
0 0.018870 0.090957 0.037739 0.116522
0 0.983217 0.592696 0.033565 0.104348
0 0.929913 0.553565 0.086957 0.099130
0 0.849043 0.477913 0.095652 0.097391
0 0.726435 0.417043 0.076522 0.104348
0 0.676870 0.366609 0.092174 0.073043
0 0.605565 0.328348 0.088696 0.080000
0 0.556000 0.285739 0.062609 0.081739
0 0.517739 0.239652 0.093913 0.093913
0 0.395130 0.182261 0.071304 0.100870
0 0.247304 0.090957 0.095652 0.092174
0 0.199478 0.043130 0.093913 0.062609
0 0.977130 0.398783 0.045739 0.106087
0 0.935130 0.356174 0.076522 0.086957
0 0.863826 0.300522 0.090435 0.090435
0 0.775130 0.254435 0.090435 0.092174
0 0.716870 0.197913 0.085217 0.080000
0 0.661217 0.144000 0.088696 0.097391
0 0.565565 0.087478 0.102609 0.085217
0 0.482956 0.036174 0.132174 0.062609
0 0.973391 0.187478 0.045217 0.076522
0 0.920348 0.165739 0.064348 0.067826
0 0.847304 0.091826 0.109565 0.076522
0 0.765565 0.058783 0.071304 0.073043
0 0.736000 0.023304 0.095652 0.046608