0 0.034522 0.965043 0.069043 0.069913
0 0.290783 0.982435 0.043478 0.035130
0 0.224696 0.965739 0.060870 0.053913
0 0.189913 0.933565 0.074783 0.062609
0 0.123826 0.878783 0.099130 0.078261
0 0.569913 0.975478 0.125217 0.049043
0 0.483826 0.940522 0.092174 0.076522
0 0.447304 0.904000 0.092174 0.080000
0 0.371652 0.853565 0.097391 0.083478
0 0.282087 0.806609 0.078261 0.080000
0 0.195130 0.744000 0.081739 0.066087
0 0.116000 0.672696 0.080000 0.069565
0 0.162956 0.707478 0.062609 0.069565
0 0.068174 0.631826 0.085217 0.071304
0 0.024087 0.593565 0.048174 0.078261
0 0.783826 0.952696 0.093913 0.073043
0 0.849043 0.983304 0.085217 0.033391
0 0.692522 0.904870 0.078261 0.081739
0 0.635130 0.857043 0.085217 0.076522
0 0.531652 0.802261 0.076522 0.074783
0 0.480348 0.758783 0.081739 0.074783
0 0.423826 0.712696 0.093913 0.080000
0 0.368174 0.675304 0.086957 0.081739
0 0.326435 0.617043 0.086957 0.069565
0 0.271652 0.589217 0.099130 0.066087
0 0.184696 0.539652 0.085217 0.085217
0 0.134261 0.500522 0.102609 0.086957
0 0.066435 0.446609 0.085217 0.076522
0 0.023217 0.390957 0.046434 0.093913
0 0.038000 0.234435 0.076000 0.093913
0 0.149043 0.308348 0.076522 0.092174
0 0.193391 0.345739 0.085217 0.097391
0 0.257739 0.397043 0.088696 0.074783
0 0.322956 0.438783 0.086957 0.081739
0 0.378609 0.478783 0.086957 0.081739
0 0.427304 0.525739 0.076522 0.074783
0 0.642956 0.684000 0.086957 0.085217
0 0.710783 0.735304 0.097391 0.100870
0 0.822956 0.793565 0.092174 0.078261
0 0.890783 0.855304 0.081739 0.090435
0 0.568174 0.622261 0.100870 0.080000
0 0.943826 0.881391 0.086957 0.069565
0 0.976261 0.941391 0.047478 0.116522
0 0.964957 0.739652 0.070086 0.088696
0 0.910783 0.683130 0.107826 0.083478
0 0.854261 0.633565 0.078261 0.078261
0 0.804696 0.590957 0.076522 0.069565
0 0.762956 0.544870 0.086957 0.092174
0 0.657739 0.458783 0.106087 0.083478
0 0.559478 0.418783 0.104348 0.104348
0 0.489043 0.327478 0.078261 0.074783
0 0.422956 0.300522 0.088696 0.083478
0 0.329043 0.248348 0.095652 0.069565
0 0.247304 0.184870 0.095652 0.078261
0 0.187304 0.153565 0.097391 0.064348
0 0.119478 0.090087 0.100870 0.086957
0 0.026696 0.039826 0.053391 0.079652
0 0.926435 0.493565 0.083478 0.086957
0 0.880348 0.443130 0.092174 0.083478
0 0.828174 0.404870 0.085217 0.076522
0 0.752522 0.352696 0.080000 0.083478
0 0.682956 0.293565 0.080000 0.076522
0 0.611652 0.244000 0.097391 0.109565
0 0.500348 0.164870 0.080000 0.073043
0 0.529043 0.228348 0.085217 0.088696
0 0.436870 0.114435 0.088696 0.076522
0 0.335130 0.062261 0.097391 0.097391
0 0.917739 0.272696 0.097391 0.090435
0 0.819478 0.188348 0.081739 0.092174
0 0.763826 0.157043 0.078261 0.081739
0 0.714261 0.130087 0.080000 0.069565
0 0.641217 0.074435 0.083478 0.083478
0 0.964957 0.137913 0.070086 0.081739
0 0.919478 0.067478 0.093913 0.097391
0 0.778609 0.032870 0.125217 0.065739