0 0.066435 0.961565 0.102609 0.076870
0 0.282956 0.956174 0.073043 0.059130
0 0.234261 0.928348 0.066087 0.066087
0 0.186435 0.885739 0.053913 0.057391
0 0.068174 0.790957 0.088696 0.073043
0 0.033652 0.733565 0.067304 0.118261
0 0.591652 0.972000 0.102609 0.056000
0 0.530783 0.934435 0.099130 0.078261
0 0.462087 0.894435 0.083478 0.078261
0 0.337739 0.779652 0.078261 0.088696
0 0.284696 0.754435 0.069565 0.059130
0 0.229043 0.723130 0.069565 0.080000
0 0.139478 0.636174 0.071304 0.066087
0 0.158609 0.676174 0.057391 0.066087
0 0.082087 0.606609 0.074783 0.069565
0 0.039739 0.557043 0.079478 0.085217
0 0.798609 0.933565 0.085217 0.090435
0 0.740348 0.864870 0.104348 0.099130
0 0.645565 0.837043 0.109565 0.085217
0 0.550783 0.766609 0.076522 0.086957
0 0.453391 0.717043 0.076522 0.078261
0 0.483826 0.664000 0.092174 0.076522
0 0.393391 0.637043 0.088696 0.071304
0 0.320348 0.597043 0.085217 0.071304
0 0.272522 0.551826 0.083478 0.078261
0 0.225565 0.512696 0.080000 0.069565
0 0.152522 0.452696 0.083478 0.074783
0 0.109043 0.417043 0.080000 0.073043
0 0.052783 0.357913 0.105565 0.076522
0 0.945565 0.858783 0.083478 0.086957
0 0.895130 0.790087 0.090435 0.109565
0 0.841217 0.753565 0.097391 0.102609
0 0.741217 0.690087 0.088696 0.097391
0 0.782956 0.723130 0.074783 0.066087
0 0.634261 0.645739 0.066087 0.057391
0 0.679478 0.669217 0.093913 0.062609
0 0.664696 0.603130 0.078261 0.069565
0 0.594261 0.566609 0.080000 0.080000
0 0.508174 0.544000 0.071304 0.076522
0 0.463826 0.474435 0.080000 0.076522
0 0.378609 0.432696 0.062609 0.083478
0 0.430783 0.500522 0.073043 0.093913
0 0.295130 0.390957 0.083478 0.090435
0 0.197739 0.292696 0.100870 0.102609
0 0.113391 0.225739 0.085217 0.073043
0 0.046696 0.166609 0.093391 0.086957
0 0.983217 0.705739 0.033565 0.128696
0 0.948174 0.636174 0.081739 0.114783
0 0.857739 0.578783 0.078261 0.118261
0 0.800348 0.530957 0.071304 0.106087
0 0.717739 0.466609 0.080000 0.109565
0 0.630783 0.414435 0.080000 0.088696
0 0.570783 0.355304 0.099130 0.088696
0 0.476870 0.300522 0.137391 0.093913
0 0.373391 0.221391 0.107826 0.085217
0 0.263826 0.170957 0.083478 0.071304
0 0.210783 0.097913 0.088696 0.074783
0 0.143826 0.077913 0.093913 0.097391
0 0.087304 0.032000 0.116522 0.064000
0 0.932522 0.429217 0.064348 0.083478
0 0.973652 0.484870 0.052696 0.073043
0 0.846435 0.359652 0.076522 0.083478
0 0.882956 0.390957 0.069565 0.076522
0 0.770783 0.304000 0.085217 0.083478
0 0.697739 0.257913 0.074783 0.092174
0 0.613391 0.204000 0.086957 0.088696
0 0.537739 0.156174 0.064348 0.073043
0 0.468174 0.104000 0.088696 0.083478
0 0.383826 0.049217 0.086957 0.078261
0 0.333391 0.025913 0.142609 0.051826
0 0.962348 0.235304 0.075304 0.071304
0 0.875130 0.197043 0.081739 0.092174
0 0.814261 0.151826 0.088696 0.088696
0 0.736870 0.092696 0.083478 0.092174
0 0.644696 0.045739 0.083478 0.071304
0 0.683826 0.078783 0.071304 0.074783
0 0.950783 0.054435 0.069565 0.078261
0 0.906435 0.044870 0.078261 0.062609