0 0.137739 0.972000 0.113043 0.056000
0 0.076000 0.930957 0.069565 0.057391
0 0.031043 0.884000 0.062086 0.078261
0 0.425565 0.978087 0.104348 0.043826
0 0.354261 0.933565 0.104348 0.076522
0 0.281217 0.926609 0.104348 0.069565
0 0.222087 0.837913 0.086957 0.083478
0 0.134261 0.779652 0.102609 0.088696
0 0.085565 0.739652 0.078261 0.071304
0 0.032783 0.697043 0.065565 0.073043
0 0.693391 0.968522 0.107826 0.062956
0 0.567304 0.924870 0.074783 0.066087
0 0.512522 0.868348 0.086957 0.085217
0 0.409913 0.808348 0.083478 0.080000
0 0.361217 0.767478 0.073043 0.078261
0 0.224696 0.650087 0.088696 0.073043
0 0.281217 0.701391 0.080000 0.067826
0 0.148174 0.590957 0.095652 0.086957
0 0.098609 0.549217 0.073043 0.086957
0 0.040609 0.491826 0.081217 0.076522
0 0.917739 0.968522 0.097391 0.062956
0 0.854261 0.915304 0.095652 0.081739
0 0.787304 0.870957 0.080000 0.062609
0 0.735130 0.824000 0.083478 0.086957
0 0.654261 0.772696 0.085217 0.088696
0 0.602956 0.721391 0.090435 0.100870
0 0.508174 0.656174 0.081739 0.092174
0 0.429913 0.597043 0.113043 0.099130
0 0.280348 0.484000 0.085217 0.092174
0 0.234261 0.428348 0.086957 0.085217
0 0.182087 0.445739 0.086957 0.081739
0 0.142087 0.393565 0.090435 0.071304
0 0.067304 0.335304 0.073043 0.066087
0 0.037130 0.289217 0.074260 0.071304
0 0.962348 0.805739 0.075304 0.085217
0 0.879478 0.744870 0.086957 0.088696
0 0.802087 0.686609 0.078261 0.076522
0 0.762087 0.636174 0.074783 0.086957
0 0.691652 0.580522 0.076522 0.076522
0 0.640348 0.544000 0.088696 0.076522
0 0.504696 0.458783 0.092174 0.086957
0 0.429913 0.397913 0.081739 0.076522
0 0.341217 0.363130 0.099130 0.069565
0 0.287304 0.280522 0.088696 0.078261
0 0.215130 0.267478 0.076522 0.059130
0 0.178609 0.191826 0.080000 0.085217
0 0.109913 0.150957 0.078261 0.083478
0 0.048174 0.100522 0.083478 0.080000