0 0.854261 0.955478 0.099130 0.089043
0 0.903826 0.907478 0.111304 0.107826
0 0.941478 0.852696 0.117044 0.081739
0 0.960609 0.764870 0.078782 0.086957
0 0.869913 0.673565 0.126957 0.099130
0 0.946696 0.585739 0.106608 0.073043
0 0.706435 0.868348 0.081739 0.088696
0 0.437739 0.972870 0.111304 0.054260
0 0.504696 0.897043 0.102609 0.093913
0 0.591652 0.796174 0.126957 0.090435
0 0.643826 0.727478 0.123478 0.085217
0 0.722956 0.641391 0.107826 0.111304
0 0.771652 0.565739 0.128696 0.106087
0 0.812522 0.510957 0.071304 0.073043
0 0.836000 0.464870 0.114783 0.113043
0 0.898609 0.401391 0.104348 0.107826
0 0.958609 0.324870 0.064348 0.097391
0 0.839478 0.264000 0.100870 0.097391
0 0.893391 0.197043 0.076522 0.071304
0 0.935130 0.139652 0.083478 0.053913
0 0.957130 0.073565 0.085739 0.085217
0 0.764696 0.063130 0.093913 0.081739
0 0.729913 0.129217 0.083478 0.071304
0 0.683826 0.176174 0.092174 0.081739
0 0.617739 0.263130 0.081739 0.092174
0 0.519478 0.371826 0.086957 0.086957
0 0.562956 0.321391 0.069565 0.069565
0 0.455130 0.456174 0.083478 0.067826
0 0.420348 0.507478 0.076522 0.066087
0 0.368174 0.563130 0.083478 0.083478
0 0.333391 0.613565 0.100870 0.055652
0 0.284696 0.665739 0.097391 0.066087
0 0.238609 0.735304 0.067826 0.083478
0 0.163826 0.804000 0.088696 0.057391
0 0.261217 0.963130 0.050435 0.059130
0 0.305565 0.935304 0.083478 0.080000
0 0.325565 0.856174 0.095652 0.088696
0 0.382956 0.794435 0.099130 0.118261
0 0.469043 0.703130 0.090435 0.078261
0 0.523826 0.617913 0.109565 0.085217
0 0.498609 0.663130 0.104348 0.067826
0 0.598609 0.521391 0.095652 0.080000
0 0.643826 0.451826 0.085217 0.076522
0 0.722956 0.364870 0.097391 0.086957
0 0.524696 0.086609 0.076522 0.059130
0 0.594261 0.050957 0.076522 0.078261
0 0.470783 0.137043 0.118261 0.083478
0 0.476000 0.206609 0.086957 0.100870
0 0.416000 0.257043 0.067826 0.083478
0 0.383826 0.325739 0.100870 0.095652
0 0.332522 0.393565 0.099130 0.102609
0 0.271652 0.426609 0.095652 0.088696
0 0.159478 0.562261 0.083478 0.081739
0 0.104696 0.646609 0.085217 0.080000
0 0.048174 0.681391 0.083478 0.080000
0 0.012783 0.462261 0.025565 0.111304
0 0.056000 0.440522 0.081739 0.078261
0 0.109913 0.364000 0.071304 0.060870
0 0.156870 0.326609 0.078261 0.076522
0 0.180348 0.272696 0.069565 0.076522
0 0.228174 0.207478 0.081739 0.088696
0 0.267304 0.157913 0.080000 0.073043
0 0.366435 0.053565 0.073043 0.093913
0 0.023217 0.244000 0.046434 0.095652
0 0.054261 0.174435 0.085217 0.092174
0 0.096000 0.130087 0.067826 0.090435
0 0.144696 0.091826 0.099130 0.083478
0 0.179478 0.043304 0.085217 0.086608