0 0.104696 0.424870 0.085217 0.085217
0 0.162956 0.301391 0.104348 0.095652
0 0.238609 0.243130 0.109565 0.083478
0 0.271652 0.174435 0.099130 0.074783
0 0.342956 0.115304 0.081739 0.071304
0 0.394261 0.044870 0.121739 0.073043
0 0.029043 0.253565 0.052174 0.100870
0 0.083826 0.184870 0.102609 0.095652
0 0.123826 0.134435 0.071304 0.078261
0 0.149913 0.070087 0.102609 0.116522
0 0.229913 0.033739 0.081739 0.067478
0 0.037130 0.030261 0.074260 0.060522
0 0.027565 0.762261 0.055130 0.126957
0 0.072522 0.745739 0.104348 0.090435
0 0.101217 0.666609 0.092174 0.057391
0 0.170783 0.584870 0.074783 0.078261
0 0.137739 0.622261 0.081739 0.086957
0 0.243826 0.493565 0.113043 0.100870
0 0.337739 0.379652 0.092174 0.057391
0 0.384696 0.304000 0.095652 0.083478
0 0.472522 0.199652 0.100870 0.069565
0 0.538609 0.114435 0.093913 0.073043
0 0.612522 0.047478 0.099130 0.092174