0 0.137739 0.960696 0.109565 0.078608
0 0.252522 0.868348 0.088696 0.071304
0 0.176000 0.802261 0.078261 0.074783
0 0.627304 0.961565 0.080000 0.076870
0 0.560348 0.919652 0.074783 0.086957
0 0.471652 0.839652 0.071304 0.083478
0 0.414261 0.800522 0.081739 0.067826
0 0.356870 0.750957 0.092174 0.083478
0 0.284696 0.690087 0.083478 0.076522
0 0.446435 0.624870 0.066087 0.067826
0 0.378609 0.566609 0.069565 0.066087
0 0.498609 0.660522 0.080000 0.080000
0 0.566435 0.718783 0.090435 0.102609
0 0.633391 0.770957 0.085217 0.085217
0 0.695130 0.811826 0.083478 0.093913
0 0.749043 0.860522 0.080000 0.086957
0 0.807304 0.896174 0.081739 0.081739
0 0.862087 0.943130 0.069565 0.081739
0 0.922087 0.978957 0.088696 0.042086
0 0.922087 0.772696 0.071304 0.085217
0 0.956870 0.827478 0.060870 0.076522
0 0.816000 0.707478 0.092174 0.083478
0 0.654261 0.599652 0.071304 0.076522
0 0.589913 0.524870 0.067826 0.066087
0 0.520348 0.470957 0.085217 0.080000
0 0.971043 0.635304 0.057913 0.078261
0 0.905565 0.565739 0.090435 0.088696
0 0.817739 0.524000 0.085217 0.074783
0 0.713391 0.430087 0.088696 0.060870
0 0.976261 0.457043 0.047478 0.097391
0 0.947304 0.393565 0.059130 0.078261
0 0.811652 0.307478 0.066087 0.062609
0 0.556000 0.290957 0.069565 0.085217
0 0.666435 0.377043 0.057391 0.073043
0 0.789913 0.098783 0.067826 0.086957
0 0.849913 0.125739 0.093913 0.088696
0 0.913391 0.164870 0.067826 0.083478
0 0.949043 0.201391 0.055652 0.066087
0 0.987565 0.229217 0.024870 0.097391