0 0.030174 0.879652 0.060348 0.073043
0 0.440348 0.971130 0.106087 0.057739
0 0.359478 0.930957 0.055652 0.057391
0 0.302087 0.885739 0.076522 0.092174
0 0.225565 0.842261 0.076522 0.088696
0 0.178609 0.799652 0.073043 0.066087
0 0.143826 0.764870 0.073043 0.062609
0 0.116000 0.742261 0.062609 0.062609
0 0.056870 0.684870 0.086957 0.073043
0 0.643826 0.957217 0.088696 0.085565
0 0.510783 0.862261 0.090435 0.076522
0 0.396000 0.756174 0.083478 0.083478
0 0.297739 0.695304 0.067826 0.076522
0 0.254261 0.657043 0.064348 0.069565
0 0.202087 0.616174 0.067826 0.085217
0 0.136870 0.538783 0.073043 0.080000
0 0.096870 0.516174 0.080000 0.076522
0 0.038870 0.442261 0.077739 0.113043
0 0.924696 0.973739 0.111304 0.052522
0 0.824696 0.913565 0.071304 0.060870
0 0.865565 0.938783 0.059130 0.048696
0 0.772522 0.864870 0.071304 0.071304
0 0.724696 0.827478 0.066087 0.062609
0 0.690783 0.796174 0.088696 0.080000
0 0.607304 0.735304 0.102609 0.104348
0 0.542956 0.686609 0.074783 0.069565
0 0.482956 0.636174 0.073043 0.080000
0 0.426435 0.584000 0.067826 0.073043
0 0.336870 0.504870 0.069565 0.067826
0 0.280348 0.453565 0.064348 0.062609
0 0.248174 0.430957 0.097391 0.080000
0 0.202956 0.396174 0.073043 0.076522
0 0.150783 0.355304 0.066087 0.067826
0 0.102956 0.319652 0.067826 0.062609
0 0.049304 0.259652 0.098608 0.092174
0 0.972783 0.829217 0.054434 0.090435
0 0.900348 0.750957 0.076522 0.076522
0 0.842956 0.710957 0.059130 0.076522
0 0.785565 0.648348 0.111304 0.111304
0 0.719478 0.603130 0.076522 0.080000
0 0.621217 0.537043 0.102609 0.076522
0 0.542087 0.459652 0.097391 0.088696
0 0.495130 0.405739 0.080000 0.074783
0 0.440348 0.375304 0.074783 0.076522
0 0.306435 0.287478 0.078261 0.074783
0 0.247304 0.236174 0.060870 0.062609
0 0.204696 0.190087 0.062609 0.067826
0 0.155130 0.129217 0.067826 0.078261
0 0.077739 0.111826 0.066087 0.071304
0 0.039478 0.054435 0.066087 0.078261
0 0.977130 0.621391 0.045739 0.106087
0 0.927304 0.559652 0.053913 0.086957
0 0.866435 0.517913 0.088696 0.104348
0 0.836870 0.477913 0.064348 0.097391
0 0.768174 0.418783 0.069565 0.104348
0 0.692522 0.375304 0.074783 0.069565
0 0.656870 0.336174 0.083478 0.081739
0 0.586435 0.262261 0.078261 0.083478
0 0.521217 0.241391 0.069565 0.069565
0 0.460348 0.196174 0.069565 0.073043
0 0.418609 0.157913 0.093913 0.083478
0 0.356000 0.099652 0.076522 0.078261
0 0.286435 0.077043 0.073043 0.078261
0 0.233391 0.035478 0.102609 0.070956
0 0.963217 0.392696 0.073565 0.097391
0 0.912522 0.314435 0.093913 0.104348
0 0.809913 0.270087 0.083478 0.106087
0 0.751652 0.210957 0.074783 0.109565
0 0.667304 0.161391 0.069565 0.069565
0 0.619478 0.118783 0.078261 0.085217
0 0.549913 0.061391 0.071304 0.081739
0 0.504696 0.029391 0.099130 0.058782
0 0.953391 0.186609 0.053913 0.078261
0 0.937739 0.135304 0.085217 0.073043
0 0.869913 0.086609 0.092174 0.066087
0 0.812522 0.044000 0.081739 0.060870
0 0.764696 0.028522 0.083478 0.057043