0 0.237739 0.977391 0.080000 0.045217
0 0.183826 0.961739 0.062609 0.069565
0 0.123826 0.913043 0.071304 0.093913
0 0.047304 0.858261 0.050435 0.067826
0 0.020609 0.813913 0.041217 0.076522
0 0.489913 0.974783 0.062609 0.050434
0 0.403826 0.915652 0.074783 0.085217
0 0.287304 0.826957 0.064348 0.071304
0 0.242956 0.779130 0.083478 0.073043
0 0.142087 0.751304 0.093913 0.090435
0 0.112522 0.680870 0.080000 0.074783
0 0.057739 0.633043 0.088696 0.090435
0 0.779478 0.973913 0.071304 0.052174
0 0.709043 0.959130 0.076522 0.074783
0 0.663826 0.909565 0.059130 0.076522
0 0.616870 0.873913 0.076522 0.085217
0 0.561217 0.821739 0.059130 0.067826
0 0.521217 0.780870 0.073043 0.052174
0 0.430783 0.746957 0.069565 0.071304
0 0.405565 0.693913 0.064348 0.062609
0 0.333391 0.648696 0.069565 0.066087
0 0.240348 0.580870 0.078261 0.069565
0 0.154261 0.508696 0.062609 0.060870
0 0.103826 0.469565 0.062609 0.055652
0 0.044957 0.401739 0.089913 0.090435
0 0.966696 0.951304 0.066608 0.097391
0 0.909043 0.881739 0.076522 0.083478
0 0.838609 0.845217 0.064348 0.076522
0 0.758609 0.808696 0.074783 0.093913
0 0.697739 0.737391 0.071304 0.090435
0 0.647304 0.683478 0.071304 0.080000
0 0.572522 0.622609 0.053913 0.069565
0 0.523826 0.597391 0.071304 0.074783
0 0.453391 0.552174 0.066087 0.081739
0 0.396000 0.514783 0.062609 0.076522
0 0.356870 0.476522 0.057391 0.055652
0 0.285565 0.424348 0.078261 0.073043
0 0.202087 0.348696 0.071304 0.081739
0 0.131652 0.294783 0.069565 0.043478
0 0.076000 0.244348 0.073043 0.078261
0 0.020609 0.173913 0.041217 0.100870
0 0.858609 0.642609 0.076522 0.078261
0 0.792522 0.614783 0.083478 0.099130
0 0.669043 0.512174 0.086957 0.081739
0 0.576000 0.445217 0.067826 0.076522
0 0.502087 0.406087 0.083478 0.092174
0 0.441217 0.335652 0.069565 0.066087
0 0.390783 0.294783 0.055652 0.067826
0 0.344696 0.244348 0.088696 0.078261
0 0.257739 0.199130 0.067826 0.088696
0 0.208174 0.146957 0.069565 0.092174
0 0.087304 0.039130 0.085217 0.071304
0 0.318609 0.026957 0.095652 0.053913
0 0.377739 0.066957 0.095652 0.085217
0 0.448174 0.117391 0.086957 0.088696
0 0.511652 0.178261 0.085217 0.085217
0 0.567304 0.206087 0.074783 0.071304
0 0.625565 0.255652 0.093913 0.100870
0 0.705565 0.332174 0.132174 0.100870
0 0.794261 0.411304 0.100870 0.120000
0 0.913391 0.519130 0.060870 0.113043
0 0.959739 0.579130 0.080522 0.080000
0 0.577739 0.034783 0.106087 0.069565
0 0.642956 0.093913 0.118261 0.097391
0 0.722087 0.153043 0.113043 0.093913
0 0.807304 0.213913 0.113043 0.097391
0 0.914261 0.301739 0.066087 0.102609
0 0.975391 0.317391 0.049217 0.057391
0 0.881217 0.035652 0.080000 0.060870
0 0.896870 0.086957 0.083478 0.080000