0 0.246435 0.953913 0.093913 0.074783
0 0.178609 0.909565 0.086957 0.080000
0 0.093391 0.818261 0.076522 0.085217
0 0.524696 0.966957 0.076522 0.066086
0 0.456870 0.927826 0.080000 0.078261
0 0.315130 0.801739 0.064348 0.093913
0 0.171652 0.700000 0.073043 0.085217
0 0.122956 0.658261 0.073043 0.071304
0 0.032783 0.589565 0.065565 0.104348
0 0.130783 0.493043 0.116522 0.088696
0 0.261217 0.562609 0.081739 0.085217
0 0.324696 0.609565 0.086957 0.074783
0 0.369043 0.656522 0.078261 0.085217
0 0.497739 0.736522 0.095652 0.102609
0 0.605565 0.848696 0.109565 0.069565
0 0.742956 0.913913 0.109565 0.081739
0 0.406435 0.469565 0.069565 0.069565
0 0.471652 0.525217 0.106087 0.097391
0 0.530783 0.582609 0.064348 0.073043
0 0.785565 0.777391 0.055652 0.066087
0 0.740348 0.706087 0.059130 0.055652
0 0.256000 0.351304 0.067826 0.083478
0 0.051652 0.179130 0.052174 0.045217
0 0.090783 0.213043 0.074783 0.067826
0 0.168174 0.284348 0.069565 0.071304
0 0.971913 0.755652 0.056174 0.085217
0 0.890783 0.622609 0.060870 0.076522
0 0.926435 0.668696 0.059130 0.088696
0 0.815130 0.572174 0.073043 0.093913
0 0.737739 0.539130 0.074783 0.083478
0 0.673391 0.430435 0.071304 0.092174
0 0.336000 0.240870 0.078261 0.071304
0 0.277739 0.181739 0.066087 0.074783
0 0.222956 0.140000 0.074783 0.088696
0 0.166435 0.082609 0.073043 0.081739
0 0.096870 0.029565 0.097391 0.059130
0 0.958609 0.459130 0.071304 0.093913
0 0.800348 0.384348 0.081739 0.100870
0 0.751652 0.340870 0.071304 0.090435
0 0.962956 0.302609 0.073043 0.076522
0 0.954261 0.224348 0.090435 0.086957
0 0.763826 0.070435 0.078261 0.078261
0 0.650783 0.059130 0.078261 0.083478
0 0.464696 0.114783 0.081739 0.059130
0 0.402956 0.051304 0.097391 0.102608
0 0.709043 0.308696 0.097391 0.085217