0 0.044087 0.958261 0.088174 0.083478
0 0.343826 0.956522 0.076522 0.080000
0 0.222956 0.928696 0.088696 0.076522
0 0.164696 0.865217 0.066087 0.085217
0 0.115130 0.789565 0.088696 0.083478
0 0.642956 0.978261 0.104348 0.043478
0 0.541217 0.910435 0.095652 0.092174
0 0.464696 0.845217 0.081739 0.090435
0 0.395130 0.803478 0.095652 0.097391
0 0.325565 0.768696 0.081739 0.073043
0 0.269913 0.699130 0.088696 0.083478
0 0.159478 0.646957 0.097391 0.069565
0 0.796000 0.944348 0.090435 0.111304
0 0.696000 0.817391 0.085217 0.086957
0 0.618609 0.738261 0.083478 0.092174
0 0.671652 0.627826 0.078261 0.097391
0 0.139478 0.223478 0.085217 0.102609
0 0.396000 0.244348 0.066087 0.099130
0 0.481217 0.269565 0.059130 0.086957
0 0.323826 0.133043 0.060870 0.078261
0 0.556000 0.113043 0.083478 0.086957
0 0.449913 0.056522 0.080000 0.085217
0 0.115130 0.032174 0.095652 0.064348
0 0.549913 0.743478 0.095652 0.106087
0 0.433391 0.654783 0.081739 0.106087
0 0.268174 0.496522 0.071304 0.085217
0 0.138609 0.421739 0.086957 0.053913
0 0.768174 0.404348 0.090435 0.074783
0 0.597739 0.390435 0.069565 0.074783
0 0.640348 0.424348 0.085217 0.076522
0 0.882956 0.377391 0.080000 0.107826
0 0.808174 0.324348 0.076522 0.085217
0 0.737739 0.266957 0.081739 0.081739
0 0.669913 0.205217 0.078261 0.090435
0 0.884696 0.163478 0.066087 0.080000
0 0.831652 0.095652 0.088696 0.055652
0 0.760348 0.043478 0.106087 0.080000
0 0.669043 0.020000 0.160000 0.040000
0 0.965826 0.041739 0.068348 0.083478
0 0.807304 0.503478 0.092174 0.081739
0 0.282956 0.353913 0.069565 0.074783
0 0.202087 0.291304 0.081739 0.078261
0 0.469913 0.467826 0.085217 0.086957
0 0.119478 0.577391 0.086957 0.093913
0 0.788174 0.705217 0.092174 0.074783