0 0.049913 0.909565 0.062609 0.086957
0 0.402087 0.965217 0.081739 0.069565
0 0.263826 0.862609 0.100870 0.097391
0 0.187304 0.797391 0.097391 0.095652
0 0.110783 0.750435 0.083478 0.081739
0 0.064696 0.686087 0.074783 0.095652
0 0.036261 0.633043 0.072522 0.073043
0 0.736870 0.973043 0.090435 0.053913
0 0.607304 0.931304 0.081739 0.067826
0 0.656000 0.971304 0.067826 0.053913
0 0.562956 0.881739 0.073043 0.073043
0 0.462087 0.838261 0.076522 0.066087
0 0.408174 0.780870 0.073043 0.069565
0 0.066435 0.514783 0.081739 0.076522
0 0.160348 0.559130 0.074783 0.095652
0 0.223826 0.632174 0.080000 0.092174
0 0.290783 0.699130 0.109565 0.076522
0 0.362087 0.735652 0.085217 0.066087
0 0.933391 0.933913 0.083478 0.086957
0 0.887304 0.924348 0.064348 0.071304
0 0.818609 0.864348 0.090435 0.069565
0 0.773391 0.833043 0.073043 0.069565
0 0.716000 0.791304 0.080000 0.073043
0 0.615130 0.740870 0.090435 0.069565
0 0.448174 0.588696 0.076522 0.067826
0 0.376870 0.547826 0.073043 0.073043
0 0.126435 0.373043 0.073043 0.081739
0 0.055130 0.292174 0.083478 0.066087
0 0.098609 0.326087 0.080000 0.071304
0 0.294261 0.463478 0.088696 0.067826
0 0.188174 0.396522 0.071304 0.080000
0 0.987565 0.854783 0.024870 0.088696
0 0.971043 0.800870 0.057913 0.074783
0 0.922087 0.753043 0.067826 0.066087
0 0.869043 0.693043 0.076522 0.071304
0 0.745565 0.618261 0.080000 0.081739
0 0.702087 0.566087 0.083478 0.067826
0 0.584696 0.521739 0.109565 0.080000
0 0.526435 0.466087 0.086957 0.076522
0 0.256870 0.241739 0.086957 0.093913
0 0.092522 0.138261 0.071304 0.074783
0 0.053391 0.091304 0.083478 0.092174
0 0.366435 0.333913 0.073043 0.076522
0 0.228174 0.028696 0.095652 0.057391
0 0.362087 0.120870 0.060870 0.067826
0 0.456000 0.185217 0.060870 0.081739
0 0.515130 0.245217 0.095652 0.080000
0 0.583826 0.306957 0.080000 0.092174
0 0.745565 0.405217 0.073043 0.090435
0 0.870783 0.493913 0.073043 0.069565
0 0.976261 0.399130 0.047478 0.057391
0 0.923826 0.351304 0.060870 0.073043
0 0.853391 0.289565 0.066087 0.081739
0 0.808174 0.246087 0.059130 0.071304
0 0.728174 0.225217 0.080000 0.067826
0 0.653391 0.139130 0.073043 0.066087
0 0.878609 0.116522 0.067826 0.073043
0 0.772522 0.027826 0.106087 0.055652