0 0.181217 0.962609 0.071304 0.074782
0 0.129913 0.938261 0.073043 0.078261
0 0.076870 0.882609 0.099130 0.088696
0 0.035391 0.820000 0.070782 0.120000
0 0.477739 0.974783 0.080000 0.050434
0 0.413391 0.913913 0.076522 0.067826
0 0.329913 0.868696 0.083478 0.067826
0 0.285565 0.815652 0.064348 0.066087
0 0.226435 0.786087 0.078261 0.055652
0 0.185565 0.741739 0.066087 0.085217
0 0.113391 0.720870 0.071304 0.085217
0 0.714261 0.941739 0.083478 0.085217
0 0.605565 0.880870 0.092174 0.092174
0 0.505565 0.789565 0.073043 0.069565
0 0.386435 0.732174 0.050435 0.048696
0 0.440348 0.764348 0.088696 0.060870
0 0.270783 0.595652 0.073043 0.064348
0 0.390783 0.679130 0.073043 0.060870
0 0.171652 0.546087 0.086957 0.076522
0 0.144696 0.497391 0.050435 0.083478
0 0.058609 0.412174 0.076522 0.073043
0 0.882956 0.849565 0.062609 0.050435
0 0.867304 0.926087 0.066087 0.095652
0 0.953391 0.922609 0.081739 0.123478
0 0.758609 0.785217 0.085217 0.081739
0 0.806435 0.812174 0.086957 0.080000
0 0.619478 0.692174 0.113043 0.100870
0 0.469913 0.551304 0.081739 0.080000
0 0.347304 0.476522 0.083478 0.090435
0 0.284696 0.425217 0.097391 0.088696
0 0.175130 0.335652 0.080000 0.066087
0 0.223826 0.374783 0.080000 0.078261
0 0.096870 0.290435 0.107826 0.038261
0 0.067304 0.240000 0.086957 0.069565
0 0.062087 0.059130 0.069565 0.083478
0 0.163826 0.133043 0.102609 0.088696
0 0.288174 0.222609 0.080000 0.083478
0 0.341217 0.281739 0.060870 0.080000
0 0.523826 0.401739 0.074783 0.076522
0 0.596000 0.459130 0.104348 0.086957
0 0.750783 0.599130 0.083478 0.088696
0 0.856870 0.645217 0.080000 0.107826
0 0.898609 0.725217 0.066087 0.093913
0 0.969043 0.739130 0.057391 0.121739
0 0.924696 0.519130 0.069565 0.095652
0 0.829913 0.446087 0.060870 0.085217
0 0.768174 0.397391 0.069565 0.064348
0 0.680348 0.345217 0.071304 0.081739
0 0.596000 0.253913 0.073043 0.073043
0 0.516870 0.168696 0.071304 0.073043
0 0.374261 0.093043 0.064348 0.067826
0 0.322956 0.040000 0.111304 0.080000
0 0.958870 0.334783 0.082260 0.078261
0 0.859478 0.267826 0.081739 0.090435
0 0.753391 0.144348 0.078261 0.045217
0 0.804696 0.215652 0.055652 0.076522
0 0.640348 0.080000 0.071304 0.083478
0 0.591652 0.041739 0.099130 0.083478
0 0.901217 0.073913 0.060870 0.102609
0 0.857739 0.033913 0.081739 0.057391
0 0.809043 0.015652 0.085217 0.031304