0 0.631652 0.874435 0.060870 0.083478
0 0.515130 0.959826 0.085217 0.080348
0 0.212522 0.950087 0.067826 0.064348
0 0.161217 0.910087 0.073043 0.095652
0 0.104696 0.867478 0.095652 0.083478
0 0.061217 0.822261 0.071304 0.080000
0 0.024087 0.770087 0.048174 0.097391
0 0.377739 0.872696 0.071304 0.083478
0 0.330783 0.824870 0.085217 0.088696
0 0.276000 0.776174 0.062609 0.057391
0 0.229043 0.744000 0.080000 0.083478
0 0.149043 0.704000 0.076522 0.062609
0 0.079478 0.644000 0.076522 0.071304
0 0.046696 0.602261 0.093391 0.092174
0 0.557739 0.828348 0.080000 0.081739
0 0.516000 0.790087 0.086957 0.092174
0 0.466435 0.730957 0.099130 0.081739
0 0.417739 0.688348 0.081739 0.080000
0 0.324696 0.607478 0.086957 0.085217
0 0.275130 0.568348 0.074783 0.083478
0 0.236000 0.522261 0.086957 0.078261
0 0.057739 0.414435 0.074783 0.092174
0 0.161217 0.281391 0.066087 0.080000
0 0.077739 0.210087 0.073043 0.076522
0 0.041478 0.169217 0.082956 0.092174
0 0.234261 0.347478 0.111304 0.100870
0 0.310783 0.380522 0.090435 0.066087
0 0.370783 0.436174 0.081739 0.097391
0 0.430783 0.495304 0.069565 0.076522
0 0.574261 0.586609 0.060870 0.078261
0 0.812522 0.747478 0.057391 0.073043
0 0.702087 0.464000 0.083478 0.083478
0 0.760348 0.512696 0.102609 0.083478
0 0.626435 0.413565 0.092174 0.100870
0 0.562956 0.370087 0.097391 0.090435
0 0.518609 0.322261 0.106087 0.088696
0 0.405565 0.277043 0.085217 0.085217
0 0.391652 0.219652 0.060870 0.081739
0 0.317739 0.190957 0.086957 0.083478
0 0.506435 0.116174 0.071304 0.069565
0 0.551652 0.164000 0.092174 0.081739
0 0.443826 0.054435 0.099130 0.095652
0 0.624696 0.203130 0.099130 0.100870
0 0.830783 0.348348 0.076522 0.078261
0 0.731652 0.064870 0.111304 0.088696
0 0.812522 0.161391 0.102609 0.076522