0 0.089043 0.791826 0.085217 0.071304
0 0.153391 0.841391 0.088696 0.062609
0 0.209043 0.884870 0.078261 0.062609
0 0.251652 0.916174 0.055652 0.069565
0 0.325565 0.944000 0.060870 0.069565
0 0.382087 0.969391 0.097391 0.061217
0 0.103826 0.972000 0.083478 0.056000
0 0.051652 0.944000 0.090435 0.076522
0 0.668174 0.985913 0.085217 0.028174
0 0.614261 0.956174 0.081739 0.055652
0 0.549043 0.924000 0.069565 0.067826
0 0.498609 0.876174 0.066087 0.073043
0 0.443826 0.841391 0.071304 0.080000
0 0.385565 0.798783 0.093913 0.088696
0 0.288174 0.731826 0.076522 0.062609
0 0.226435 0.684870 0.074783 0.076522
0 0.149043 0.629217 0.069565 0.080000
0 0.096000 0.592696 0.071304 0.073043
0 0.055130 0.544870 0.076522 0.092174
0 0.939478 0.955478 0.113043 0.089043
0 0.819478 0.928348 0.092174 0.086957
0 0.762087 0.883130 0.060870 0.076522
0 0.712522 0.840522 0.076522 0.071304
0 0.640348 0.792696 0.067826 0.069565
0 0.562956 0.737043 0.080000 0.080000
0 0.499478 0.685739 0.067826 0.057391
0 0.410783 0.630957 0.085217 0.066087
0 0.338609 0.564870 0.086957 0.086957
0 0.269043 0.525739 0.066087 0.067826
0 0.222087 0.486609 0.069565 0.062609
0 0.173391 0.457913 0.073043 0.060870
0 0.111652 0.417043 0.081739 0.059130
0 0.059478 0.365739 0.095652 0.081739
0 0.895130 0.790957 0.086957 0.097391
0 0.792522 0.723130 0.076522 0.093913
0 0.710783 0.661391 0.076522 0.088696
0 0.634261 0.593565 0.066087 0.074783
0 0.574261 0.555304 0.064348 0.081739
0 0.487304 0.485739 0.064348 0.064348
0 0.514261 0.516174 0.083478 0.076522
0 0.350783 0.400522 0.062609 0.067826
0 0.275130 0.344000 0.074783 0.080000
0 0.218609 0.301391 0.076522 0.085217
0 0.166435 0.255304 0.083478 0.083478
0 0.098609 0.210957 0.073043 0.074783
0 0.049913 0.150957 0.080000 0.086957
0 0.961478 0.610087 0.077044 0.083478
0 0.913391 0.578783 0.074783 0.073043
0 0.858609 0.556174 0.083478 0.083478
0 0.779478 0.499652 0.074783 0.081739
0 0.726435 0.460522 0.062609 0.076522
0 0.660348 0.414435 0.083478 0.081739
0 0.558609 0.350957 0.064348 0.076522
0 0.502956 0.286609 0.067826 0.090435
0 0.429913 0.262261 0.081739 0.069565
0 0.388174 0.207478 0.081739 0.088696
0 0.185565 0.090957 0.093913 0.088696
0 0.133391 0.037913 0.080000 0.073043
0 0.924696 0.410957 0.083478 0.081739
0 0.880348 0.363130 0.074783 0.086957
0 0.797739 0.306609 0.090435 0.102609
0 0.714261 0.246609 0.080000 0.097391
0 0.632522 0.190087 0.097391 0.092174
0 0.536000 0.135304 0.078261 0.086957
0 0.489913 0.101391 0.076522 0.078261
0 0.435130 0.061391 0.074783 0.074783
0 0.363826 0.026783 0.120000 0.053565
0 0.969304 0.261391 0.061391 0.074783
0 0.915130 0.218783 0.074783 0.066087
0 0.856870 0.172696 0.090435 0.081739
0 0.823826 0.134435 0.076522 0.078261
0 0.781217 0.108348 0.081739 0.078261
0 0.722956 0.056174 0.080000 0.078261
0 0.972783 0.067478 0.054434 0.080000
0 0.918609 0.028522 0.113043 0.057043