0 0.024957 0.968522 0.049913 0.062956
0 0.282087 0.971130 0.088696 0.057739
0 0.176870 0.897043 0.076522 0.097391
0 0.087304 0.853565 0.078261 0.086957
0 0.041478 0.802261 0.082956 0.099130
0 0.505565 0.959826 0.073043 0.080348
0 0.419478 0.904870 0.078261 0.081739
0 0.218609 0.763130 0.062609 0.086957
0 0.152522 0.723130 0.076522 0.080000
0 0.110783 0.677043 0.090435 0.074783
0 0.027565 0.606609 0.055130 0.086957
0 0.632522 0.857913 0.125217 0.113043
0 0.699478 0.908348 0.102609 0.088696
0 0.764696 0.957217 0.097391 0.085565
0 0.181217 0.521391 0.088696 0.093913
0 0.306435 0.590957 0.064348 0.086957
0 0.085565 0.449217 0.088696 0.095652
0 0.122956 0.488348 0.080000 0.093913
0 0.031043 0.387478 0.062086 0.097391
0 0.126435 0.277913 0.086957 0.083478
0 0.185565 0.322261 0.080000 0.102609
0 0.256870 0.376174 0.111304 0.078261
0 0.309913 0.434435 0.092174 0.097391
0 0.392522 0.492696 0.104348 0.095652
0 0.502956 0.559652 0.043478 0.038261
0 0.449913 0.522261 0.069565 0.064348
0 0.592522 0.624870 0.073043 0.081739
0 0.642087 0.670957 0.088696 0.086957
0 0.702087 0.713565 0.097391 0.092174
0 0.768174 0.757913 0.107826 0.100870
0 0.841217 0.810087 0.083478 0.083478
0 0.907304 0.872696 0.104348 0.090435
0 0.966696 0.928348 0.066608 0.097391
0 0.063826 0.225739 0.100870 0.086957
0 0.031043 0.164000 0.062086 0.099130
0 0.041217 0.032870 0.076522 0.065739
0 0.149043 0.084870 0.104348 0.076522
0 0.207304 0.122261 0.081739 0.071304
0 0.260348 0.177043 0.073043 0.086957
0 0.321217 0.234435 0.090435 0.083478
0 0.435130 0.317043 0.102609 0.133913
0 0.502956 0.366609 0.081739 0.076522
0 0.566435 0.411826 0.076522 0.080000
0 0.626435 0.454435 0.081739 0.078261
0 0.690783 0.503130 0.078261 0.088696
0 0.742087 0.553565 0.066087 0.092174
0 0.787304 0.595304 0.083478 0.071304
0 0.842087 0.576174 0.043478 0.074783
0 0.396000 0.071826 0.069565 0.078261
0 0.361217 0.045739 0.083478 0.064348
0 0.296000 0.023304 0.092174 0.046608
0 0.458609 0.110957 0.083478 0.083478
0 0.514261 0.157043 0.097391 0.057391
0 0.569913 0.203130 0.080000 0.083478
0 0.614261 0.246609 0.074783 0.080000
0 0.681217 0.296174 0.097391 0.067826
0 0.728174 0.342261 0.100870 0.076522
0 0.843826 0.407478 0.095652 0.102609
0 0.904696 0.448348 0.095652 0.083478
0 0.961478 0.525739 0.077044 0.106087
0 0.938609 0.280522 0.104348 0.092174
0 0.876870 0.219652 0.071304 0.081739
0 0.785565 0.162261 0.076522 0.071304
0 0.727304 0.124000 0.088696 0.081739
0 0.656870 0.078783 0.090435 0.085217
0 0.596870 0.038957 0.109565 0.077913
0 0.955391 0.102261 0.089217 0.121739
0 0.850783 0.035478 0.067826 0.070956