0 0.032783 0.953739 0.065565 0.092522
0 0.285565 0.964870 0.099130 0.069565
0 0.229043 0.907478 0.083478 0.062609
0 0.149043 0.850957 0.093913 0.088696
0 0.062087 0.788348 0.069565 0.074783
0 0.042956 0.750957 0.080000 0.073043
0 0.571652 0.972870 0.069565 0.054260
0 0.507304 0.937043 0.059130 0.073043
0 0.479478 0.912696 0.073043 0.076522
0 0.419478 0.852696 0.081739 0.074783
0 0.369043 0.807478 0.099130 0.074783
0 0.214261 0.677043 0.095652 0.106087
0 0.124696 0.624870 0.069565 0.071304
0 0.080348 0.600522 0.067826 0.064348
0 0.032522 0.560522 0.062609 0.078261
0 0.857739 0.968522 0.088696 0.062956
0 0.769043 0.930957 0.074783 0.071304
0 0.667304 0.844870 0.086957 0.073043
0 0.515130 0.743130 0.081739 0.081739
0 0.473391 0.694435 0.067826 0.067826
0 0.405565 0.641391 0.064348 0.052174
0 0.369913 0.608348 0.086957 0.073043
0 0.301217 0.554435 0.057391 0.066087
0 0.249043 0.523130 0.067826 0.062609
0 0.189913 0.488348 0.060870 0.052174
0 0.157739 0.438783 0.073043 0.078261
0 0.091652 0.424000 0.052174 0.048696
0 0.021478 0.332696 0.042956 0.053913
0 0.976261 0.860522 0.047478 0.093913
0 0.856870 0.795304 0.066087 0.078261
0 0.781217 0.731826 0.060870 0.076522
0 0.737739 0.681391 0.081739 0.073043
0 0.613391 0.611826 0.086957 0.073043
0 0.566435 0.555304 0.083478 0.067826
0 0.494261 0.511826 0.081739 0.088696
0 0.386435 0.434435 0.081739 0.073043
0 0.307304 0.383130 0.041739 0.050435
0 0.254261 0.339652 0.060870 0.064348
0 0.183826 0.278783 0.066087 0.064348
0 0.123826 0.230087 0.067826 0.060870
0 0.097739 0.192696 0.060870 0.055652
0 0.045565 0.169217 0.078261 0.074783
0 0.096000 0.036348 0.113043 0.072696
0 0.316000 0.184870 0.086957 0.071304
0 0.362956 0.217913 0.080000 0.057391
0 0.420348 0.262261 0.076522 0.097391
0 0.540348 0.344870 0.076522 0.071304
0 0.583826 0.381391 0.097391 0.071304
0 0.649913 0.417913 0.090435 0.060870
0 0.722087 0.493565 0.071304 0.055652
0 0.877739 0.617043 0.062609 0.090435
0 0.921217 0.658783 0.069565 0.069565
0 0.965826 0.693565 0.068348 0.086957
0 0.967304 0.469217 0.053913 0.066087
0 0.920348 0.439652 0.064348 0.076522
0 0.838609 0.385739 0.088696 0.093913
0 0.756870 0.301391 0.071304 0.074783
0 0.660348 0.223130 0.073043 0.081739
0 0.548174 0.180522 0.078261 0.073043
0 0.507304 0.124870 0.059130 0.066087
0 0.413391 0.059652 0.062609 0.081739
0 0.452522 0.090957 0.071304 0.060870
0 0.959478 0.275304 0.066087 0.092174
0 0.889913 0.201391 0.083478 0.073043
0 0.833391 0.144000 0.085217 0.073043
0 0.976261 0.078783 0.047478 0.088696
0 0.708174 0.098783 0.085217 0.076522
0 0.691652 0.056174 0.080000 0.071304
0 0.632522 0.023304 0.097391 0.046608