0 0.051652 0.917913 0.090435 0.118261
0 0.376870 0.961565 0.097391 0.076870
0 0.290783 0.928348 0.074783 0.076522
0 0.263826 0.886609 0.086957 0.073043
0 0.172522 0.851826 0.081739 0.086957
0 0.109043 0.785739 0.093913 0.080000
0 0.049304 0.729217 0.098608 0.123478
0 0.556000 0.925739 0.100870 0.095652
0 0.487304 0.853565 0.085217 0.073043
0 0.429913 0.807478 0.078261 0.071304
0 0.358609 0.765739 0.095652 0.085217
0 0.282087 0.709217 0.092174 0.066087
0 0.142956 0.613565 0.074783 0.080000
0 0.089043 0.575304 0.071304 0.083478
0 0.034522 0.516174 0.069043 0.104348
0 0.069913 0.340522 0.081739 0.080000
0 0.116870 0.385739 0.085217 0.083478
0 0.194261 0.433565 0.097391 0.092174
0 0.262956 0.482261 0.095652 0.074783
0 0.323826 0.537043 0.081739 0.090435
0 0.401217 0.591826 0.114783 0.081739
0 0.489913 0.654435 0.104348 0.088696
0 0.553391 0.706609 0.088696 0.095652
0 0.620348 0.748348 0.076522 0.071304
0 0.688174 0.789217 0.107826 0.093913
0 0.745565 0.853565 0.080000 0.097391
0 0.810783 0.905739 0.085217 0.069565
0 0.874261 0.948348 0.093913 0.088696
0 0.706435 0.970261 0.064348 0.059478
0 0.034522 0.109217 0.069043 0.114783
0 0.100348 0.147478 0.111304 0.090435
0 0.169913 0.206609 0.107826 0.097391
0 0.242087 0.273565 0.109565 0.113043
0 0.377739 0.365739 0.106087 0.099130
0 0.448174 0.417913 0.104348 0.095652
0 0.522087 0.461391 0.106087 0.074783
0 0.569043 0.510957 0.074783 0.086957
0 0.596000 0.551826 0.069565 0.074783
0 0.685565 0.591826 0.085217 0.078261
0 0.727304 0.635304 0.088696 0.078261
0 0.790783 0.687478 0.076522 0.078261
0 0.856000 0.737913 0.092174 0.088696
0 0.911652 0.784870 0.064348 0.074783
0 0.961478 0.837913 0.077044 0.100870
0 0.926435 0.605739 0.066087 0.092174
0 0.804696 0.497043 0.086957 0.080000
0 0.738609 0.429217 0.090435 0.093913
0 0.624696 0.352696 0.102609 0.090435
0 0.573391 0.291826 0.090435 0.093913
0 0.509913 0.243130 0.088696 0.080000
0 0.432522 0.201391 0.093913 0.090435
0 0.366435 0.151826 0.097391 0.071304
0 0.290783 0.097043 0.099130 0.086957
0 0.144696 0.030261 0.130435 0.060522
0 0.445565 0.039826 0.078261 0.079652
0 0.587304 0.103130 0.080000 0.085217
0 0.634261 0.149217 0.086957 0.090435
0 0.696870 0.198783 0.093913 0.081739
0 0.748174 0.243130 0.078261 0.093913
0 0.802956 0.287478 0.073043 0.074783
0 0.847304 0.335304 0.085217 0.090435
0 0.964087 0.432696 0.071826 0.139130
0 0.961478 0.215304 0.077044 0.086957
0 0.922956 0.175304 0.086957 0.076522
0 0.853391 0.114435 0.093913 0.093913
0 0.796000 0.064870 0.083478 0.078261
0 0.938609 0.016348 0.107826 0.032696