0 0.146435 0.961391 0.078261 0.066087
0 0.084696 0.923130 0.080000 0.069565
0 0.039739 0.864000 0.079478 0.090435
0 0.430783 0.970261 0.097391 0.059478
0 0.373391 0.947478 0.073043 0.076522
0 0.336870 0.908348 0.090435 0.099130
0 0.279478 0.850957 0.076522 0.078261
0 0.222087 0.810087 0.069565 0.069565
0 0.143826 0.755304 0.076522 0.081739
0 0.112522 0.724870 0.062609 0.055652
0 0.041478 0.657043 0.082956 0.086957
0 0.619478 0.968348 0.040000 0.034783
0 0.624696 0.913565 0.067826 0.050435
0 0.562087 0.897043 0.067826 0.059130
0 0.516000 0.870087 0.055652 0.050435
0 0.487304 0.843130 0.053913 0.048696
0 0.450783 0.803130 0.067826 0.055652
0 0.403826 0.761391 0.067826 0.076522
0 0.344696 0.724870 0.088696 0.083478
0 0.276870 0.653565 0.067826 0.066087
0 0.222956 0.605739 0.067826 0.060870
0 0.184696 0.565739 0.064348 0.064348
0 0.108174 0.518783 0.067826 0.088696
0 0.038870 0.471826 0.077739 0.120000
0 0.741217 0.842261 0.074783 0.081739
0 0.677739 0.791826 0.090435 0.102609
0 0.583826 0.709217 0.083478 0.086957
0 0.497739 0.633565 0.078261 0.095652
0 0.378609 0.539652 0.090435 0.095652
0 0.287304 0.475304 0.085217 0.078261
0 0.222956 0.422261 0.081739 0.083478
0 0.142956 0.363130 0.102609 0.104348
0 0.033652 0.227478 0.067304 0.059130
0 0.068174 0.288348 0.102609 0.097391
0 0.050783 0.070087 0.064348 0.074783
0 0.093391 0.118783 0.076522 0.071304
0 0.153391 0.145739 0.092174 0.073043
0 0.233391 0.204870 0.109565 0.086957
0 0.266435 0.250087 0.092174 0.076522
0 0.314261 0.303130 0.076522 0.064348
0 0.435130 0.370957 0.081739 0.088696
0 0.527304 0.452696 0.126957 0.074783
0 0.557739 0.498783 0.100870 0.069565
0 0.611652 0.544000 0.097391 0.066087
0 0.680348 0.586609 0.088696 0.074783
0 0.727304 0.621391 0.064348 0.046957
0 0.768174 0.670087 0.034783 0.074783
0 0.805565 0.690957 0.071304 0.088696
0 0.872522 0.737043 0.090435 0.059130
0 0.362087 0.104000 0.095652 0.090435
0 0.269043 0.047478 0.073043 0.071304
0 0.416870 0.137913 0.059130 0.050435
0 0.453391 0.171826 0.090435 0.083478
0 0.549043 0.251826 0.086957 0.076522
0 0.587304 0.294435 0.076522 0.078261
0 0.649913 0.340522 0.076522 0.069565
0 0.690783 0.382261 0.071304 0.083478
0 0.737739 0.413565 0.057391 0.073043
0 0.783826 0.439652 0.069565 0.080000
0 0.897739 0.544870 0.095652 0.102609