0 0.526435 0.368348 0.066087 0.073043
0 0.599478 0.331826 0.066087 0.069565
0 0.555130 0.276174 0.085217 0.069565
0 0.847304 0.206609 0.109565 0.083478
0 0.655130 0.130087 0.069565 0.069565
0 0.789043 0.041565 0.076522 0.083130
0 0.963217 0.064870 0.073565 0.088696
0 0.969304 0.262261 0.061391 0.125217
0 0.803826 0.511826 0.085217 0.081739
0 0.695130 0.416174 0.083478 0.081739
0 0.958609 0.434435 0.067826 0.048696
0 0.980609 0.482261 0.038782 0.088696
0 0.887304 0.555304 0.050435 0.067826
0 0.914261 0.584870 0.066087 0.053913
0 0.965826 0.650087 0.068348 0.111304
0 0.757739 0.660522 0.093913 0.062609
0 0.829913 0.738783 0.071304 0.048696
0 0.875130 0.765739 0.060870 0.057391
0 0.953391 0.819652 0.040000 0.043478
0 0.978870 0.856174 0.042260 0.060870
0 0.696870 0.811826 0.066087 0.055652
0 0.638609 0.773565 0.074783 0.062609
0 0.535130 0.684000 0.055652 0.046957
0 0.337739 0.924000 0.064348 0.050435
0 0.419478 0.786609 0.078261 0.064348
0 0.497739 0.868348 0.099130 0.050435
0 0.542087 0.906609 0.083478 0.074783
0 0.918609 0.980696 0.123478 0.038608