0 0.516870 0.931826 0.095652 0.069565
0 0.344696 0.953565 0.060870 0.043478
0 0.297739 0.907478 0.081739 0.069565
0 0.107304 0.964000 0.093913 0.053913
0 0.162087 0.985913 0.046957 0.028174
0 0.804696 0.936174 0.080000 0.064348
0 0.849913 0.975478 0.066087 0.049043
0 0.660348 0.836174 0.055652 0.052174
0 0.620348 0.807478 0.059130 0.050435
0 0.576870 0.760522 0.055652 0.053913
0 0.534261 0.713565 0.071304 0.071304
0 0.452522 0.657913 0.064348 0.050435
0 0.415130 0.631826 0.052174 0.043478
0 0.375130 0.584870 0.076522 0.053913
0 0.319478 0.530957 0.059130 0.064348
0 0.266435 0.487478 0.046957 0.046957
0 0.235130 0.470087 0.046957 0.043478
0 0.203826 0.443130 0.040000 0.048696
0 0.130783 0.377913 0.053913 0.064348
0 0.071652 0.348348 0.050435 0.036522
0 0.102956 0.565739 0.046957 0.046957
0 0.254261 0.682261 0.053913 0.050435
0 0.194261 0.832696 0.055652 0.055652
0 0.152522 0.793565 0.073043 0.057391
0 0.081217 0.749217 0.066087 0.069565
0 0.025826 0.670087 0.051652 0.074783
0 0.064696 0.536174 0.050435 0.050435
0 0.017130 0.490087 0.034260 0.069565
0 0.020609 0.274435 0.041217 0.086957
0 0.561217 0.541391 0.069565 0.067826
0 0.629043 0.601391 0.066087 0.086957
0 0.669043 0.631826 0.059130 0.053913
0 0.717739 0.672696 0.076522 0.069565
0 0.782087 0.714435 0.086957 0.083478
0 0.836870 0.760522 0.067826 0.081739
0 0.896000 0.823130 0.078261 0.085217
0 0.940348 0.869217 0.059130 0.059130
0 0.976261 0.904870 0.047478 0.060870
0 0.898609 0.619652 0.045217 0.050435
0 0.852522 0.570087 0.046957 0.059130
0 0.752522 0.501391 0.066087 0.064348
0 0.701217 0.458783 0.043478 0.052174
0 0.658609 0.409217 0.059130 0.067826
0 0.596000 0.354435 0.066087 0.052174
0 0.542087 0.325739 0.055652 0.067826
0 0.492522 0.283130 0.053913 0.069565
0 0.459478 0.252696 0.057391 0.060870
0 0.422087 0.219652 0.045217 0.057391
0 0.377739 0.198783 0.046957 0.046957
0 0.934261 0.428348 0.040000 0.067826
0 0.886435 0.382261 0.041739 0.059130
0 0.839478 0.355304 0.045217 0.057391
0 0.791652 0.317913 0.053913 0.069565
0 0.736000 0.265739 0.071304 0.062609
0 0.678609 0.230087 0.046957 0.050435
0 0.641217 0.186609 0.066087 0.060870
0 0.796870 0.138783 0.050435 0.048696
0 0.776000 0.084000 0.053913 0.053913
0 0.732522 0.050957 0.043478 0.046957
0 0.976261 0.044870 0.047478 0.048696
0 0.929913 0.018957 0.080000 0.037913
0 0.561217 0.130957 0.055652 0.050435
0 0.529913 0.097043 0.062609 0.059130
0 0.462087 0.062261 0.076522 0.069565
0 0.295130 0.120522 0.066087 0.057391
0 0.252522 0.086609 0.067826 0.052174
0 0.216870 0.053565 0.059130 0.055652
0 0.177739 0.023304 0.057391 0.046608
0 0.027565 0.085739 0.055130 0.053913
0 0.109043 0.166609 0.062609 0.045217
0 0.145565 0.192696 0.066087 0.069565
0 0.194261 0.233565 0.069565 0.064348
0 0.226435 0.284870 0.060870 0.066087
0 0.272522 0.320522 0.080000 0.046957
0 0.345565 0.370087 0.083478 0.062609
0 0.427304 0.429217 0.076522 0.069565