0 0.092522 0.974609 0.078261 0.050782
0 0.031043 0.924870 0.062086 0.093913
0 0.288174 0.946609 0.104348 0.074783
0 0.178609 0.850957 0.066087 0.081739
0 0.143826 0.811826 0.059130 0.062609
0 0.027304 0.740522 0.052174 0.073043
0 0.088174 0.776174 0.052174 0.057391
0 0.574261 0.979826 0.036522 0.040348
0 0.629913 0.972000 0.046957 0.056000
0 0.512522 0.927478 0.066087 0.064348
0 0.476000 0.888348 0.052174 0.055652
0 0.413391 0.847478 0.083478 0.067826
0 0.337739 0.775304 0.060870 0.062609
0 0.283826 0.736174 0.081739 0.067826
0 0.216000 0.662261 0.088696 0.062609
0 0.112522 0.563130 0.069565 0.069565
0 0.048174 0.514435 0.073043 0.069565
0 0.838609 0.954435 0.078261 0.076522
0 0.767304 0.912696 0.081739 0.062609
0 0.704696 0.869217 0.088696 0.073043
0 0.667304 0.824000 0.062609 0.055652
0 0.562956 0.738783 0.076522 0.048696
0 0.483826 0.683130 0.053913 0.059130
0 0.409913 0.610957 0.069565 0.078261
0 0.263826 0.516174 0.066087 0.062609
0 0.241217 0.453565 0.100870 0.052174
0 0.169913 0.396174 0.076522 0.059130
0 0.096870 0.359652 0.069565 0.055652
0 0.058609 0.299652 0.090435 0.060870
0 0.971913 0.874435 0.056174 0.055652
0 0.924696 0.820522 0.055652 0.062609
0 0.876870 0.793565 0.067826 0.060870
0 0.842087 0.749217 0.064348 0.041739
0 0.688174 0.625739 0.055652 0.059130
0 0.588174 0.550087 0.060870 0.060870
0 0.542087 0.490087 0.041739 0.062609
0 0.477739 0.464000 0.052174 0.069565
0 0.448174 0.424000 0.048696 0.059130
0 0.405565 0.383130 0.064348 0.067826
0 0.314261 0.317913 0.059130 0.055652
0 0.211652 0.223130 0.062609 0.060870
0 0.092522 0.125739 0.071304 0.071304
0 0.053391 0.090957 0.066087 0.057391
0 0.298609 0.097913 0.052174 0.060870
0 0.242087 0.050957 0.067826 0.060870
0 0.195130 0.025913 0.078261 0.051826
0 0.416870 0.197913 0.069565 0.093913
0 0.474261 0.249217 0.080000 0.085217
0 0.529913 0.292696 0.073043 0.078261
0 0.579478 0.328348 0.057391 0.062609
0 0.621217 0.373565 0.064348 0.069565
0 0.856870 0.556174 0.090435 0.073043
0 0.853391 0.344870 0.059130 0.085217
0 0.703826 0.236174 0.066087 0.076522
0 0.751652 0.276174 0.071304 0.069565
0 0.676870 0.188348 0.064348 0.060870
0 0.601217 0.140522 0.073043 0.062609
0 0.552522 0.092696 0.076522 0.078261
0 0.484696 0.044870 0.062609 0.059130
0 0.442087 0.016348 0.078261 0.032696
0 0.752522 0.064000 0.086957 0.073043
0 0.889913 0.137043 0.055652 0.034783
0 0.916870 0.176174 0.064348 0.088696
0 0.959739 0.236174 0.080522 0.086957
0 0.949043 0.025913 0.076522 0.051826