0 0.196000 0.830087 0.080000 0.074783
0 0.099478 0.742261 0.092174 0.069565
0 0.022956 0.908348 0.036522 0.085217
0 0.074261 0.927478 0.045217 0.064348
0 0.303826 0.932696 0.073043 0.071304
0 0.371652 0.972870 0.118261 0.054260
0 0.590783 0.926609 0.076522 0.076522
0 0.660348 0.972000 0.111304 0.056000
0 0.496000 0.883130 0.078261 0.066087
0 0.458609 0.852696 0.069565 0.071304
0 0.430783 0.823130 0.069565 0.064348
0 0.404696 0.795304 0.076522 0.067826
0 0.372522 0.766609 0.081739 0.055652
0 0.304696 0.715304 0.071304 0.057391
0 0.256000 0.680522 0.099130 0.067826
0 0.212522 0.644870 0.085217 0.055652
0 0.098609 0.574435 0.073043 0.057391
0 0.907304 0.953565 0.073043 0.071304
0 0.955130 0.979826 0.064348 0.040348
0 0.836870 0.933565 0.050435 0.062609
0 0.785565 0.906609 0.083478 0.060870
0 0.689913 0.813565 0.059130 0.048696
0 0.725565 0.846609 0.067826 0.055652
0 0.533391 0.702261 0.059130 0.059130
0 0.456000 0.614435 0.067826 0.043478
0 0.502956 0.645739 0.071304 0.067826
0 0.380348 0.575304 0.052174 0.069565
0 0.326435 0.535304 0.069565 0.066087
0 0.267304 0.489217 0.062609 0.064348
0 0.245565 0.455304 0.095652 0.076522
0 0.193391 0.419652 0.088696 0.067826
0 0.157739 0.381391 0.083478 0.060870
0 0.102956 0.352696 0.071304 0.059130
0 0.058609 0.316174 0.080000 0.048696
0 0.024957 0.286609 0.049913 0.076522
0 0.959478 0.825739 0.076522 0.073043
0 0.931652 0.797913 0.069565 0.069565
0 0.867304 0.758783 0.093913 0.074783
0 0.782087 0.699652 0.080000 0.067826
0 0.740348 0.632696 0.083478 0.066087
0 0.673391 0.598783 0.088696 0.078261
0 0.614261 0.539652 0.081739 0.067826
0 0.571652 0.496174 0.083478 0.064348
0 0.506435 0.466609 0.085217 0.060870
0 0.473391 0.436174 0.071304 0.038261
0 0.436000 0.401391 0.073043 0.062609
0 0.389043 0.360522 0.086957 0.060870
0 0.348174 0.331826 0.081739 0.055652
0 0.332522 0.297043 0.085217 0.059130
0 0.259478 0.245739 0.088696 0.060870
0 0.211652 0.211826 0.090435 0.069565
0 0.216870 0.179652 0.000000 0.001739
0 0.170783 0.178783 0.071304 0.069565
0 0.213391 0.202261 0.000000 0.005217
0 0.105565 0.117043 0.066087 0.074783
0 0.977130 0.658783 0.045739 0.090435
0 0.938609 0.614435 0.069565 0.071304
0 0.871652 0.558783 0.099130 0.074783
0 0.785565 0.473565 0.093913 0.088696
0 0.642087 0.345739 0.074783 0.086957
0 0.590783 0.306609 0.093913 0.081739
0 0.541217 0.251826 0.081739 0.090435
0 0.444696 0.199652 0.055652 0.048696
0 0.400348 0.161391 0.078261 0.062609
0 0.319478 0.113565 0.080000 0.067826
0 0.270783 0.073565 0.066087 0.057391
0 0.213391 0.032870 0.093913 0.065739
0 0.974522 0.442261 0.050956 0.074783
0 0.930783 0.385739 0.085217 0.062609
0 0.856000 0.324870 0.064348 0.083478
0 0.821217 0.293565 0.071304 0.076522
0 0.770783 0.253565 0.085217 0.073043
0 0.594261 0.120522 0.090435 0.095652
0 0.515130 0.052696 0.092174 0.088696
0 0.468174 0.026783 0.092174 0.053565
0 0.949043 0.171826 0.048696 0.062609
0 0.976261 0.221391 0.047478 0.071304
0 0.903826 0.169217 0.073043 0.067826
0 0.860348 0.118783 0.059130 0.064348
0 0.815130 0.081391 0.083478 0.055652
0 0.767304 0.045739 0.064348 0.053913
0 0.715130 0.023304 0.074783 0.046608