0 0.168174 0.970957 0.062609 0.057391
0 0.114261 0.950957 0.076522 0.069565
0 0.072522 0.901391 0.076522 0.078261
0 0.382087 0.938783 0.104348 0.073043
0 0.422087 0.971130 0.069565 0.057739
0 0.325565 0.897043 0.081739 0.066087
0 0.228174 0.829217 0.092174 0.066087
0 0.152522 0.771826 0.076522 0.090435
0 0.093391 0.730957 0.076522 0.074783
0 0.038870 0.678783 0.077739 0.095652
0 0.701217 0.975478 0.071304 0.049043
0 0.646435 0.948348 0.086957 0.074783
0 0.598609 0.912696 0.081739 0.076522
0 0.564696 0.882261 0.086957 0.074783
0 0.504696 0.841391 0.078261 0.080000
0 0.463826 0.799652 0.073043 0.076522
0 0.362087 0.717043 0.088696 0.074783
0 0.269913 0.637043 0.060870 0.067826
0 0.229913 0.599652 0.085217 0.066087
0 0.165565 0.560522 0.085217 0.057391
0 0.097739 0.505739 0.078261 0.069565
0 0.039739 0.446609 0.079478 0.090435
0 0.969304 0.973739 0.061391 0.052522
0 0.886435 0.916174 0.076522 0.073043
0 0.788174 0.851826 0.102609 0.076522
0 0.682956 0.773565 0.066087 0.069565
0 0.632522 0.707478 0.055652 0.052174
0 0.578609 0.666609 0.076522 0.064348
0 0.419478 0.577043 0.046957 0.059130
0 0.259478 0.439652 0.060870 0.066087
0 0.186435 0.377043 0.081739 0.062609
0 0.234261 0.404000 0.062609 0.060870
0 0.087304 0.286609 0.092174 0.073043
0 0.037130 0.236174 0.074260 0.080000
0 0.976261 0.779652 0.047478 0.081739
0 0.927304 0.760522 0.067826 0.064348
0 0.876870 0.697913 0.081739 0.067826
0 0.802956 0.666609 0.062609 0.060870
0 0.774261 0.618783 0.064348 0.069565
0 0.704696 0.574435 0.060870 0.053913
0 0.649913 0.532696 0.062609 0.067826
0 0.585565 0.489217 0.086957 0.081739
0 0.509043 0.429217 0.066087 0.083478
0 0.458609 0.377913 0.055652 0.074783
0 0.409913 0.334435 0.062609 0.078261
0 0.356870 0.299652 0.074783 0.060870
0 0.293391 0.250957 0.066087 0.067826
0 0.248174 0.213565 0.073043 0.086957
0 0.194261 0.164870 0.076522 0.097391
0 0.134261 0.119652 0.064348 0.062609
0 0.085565 0.069217 0.067826 0.090435
0 0.036261 0.027652 0.072522 0.055304
0 0.969304 0.570957 0.061391 0.088696
0 0.912522 0.534435 0.073043 0.085217
0 0.870783 0.493565 0.066087 0.086957
0 0.833391 0.445739 0.078261 0.095652
0 0.680348 0.362261 0.060870 0.057391
0 0.565565 0.249217 0.074783 0.060870
0 0.638609 0.323130 0.067826 0.055652
0 0.491652 0.213565 0.073043 0.073043
0 0.455130 0.154435 0.073043 0.062609
0 0.389043 0.113565 0.083478 0.078261
0 0.323826 0.059652 0.074783 0.053913
0 0.232522 0.019826 0.076522 0.039652
0 0.945565 0.352696 0.066087 0.066087
0 0.970174 0.399652 0.059652 0.076522
0 0.871652 0.299652 0.074783 0.074783
0 0.810783 0.249217 0.064348 0.067826
0 0.758609 0.200522 0.102609 0.074783
0 0.675130 0.131826 0.071304 0.059130
0 0.629043 0.077913 0.076522 0.066087
0 0.542956 0.049217 0.071304 0.067826
0 0.965826 0.160522 0.068348 0.071304
0 0.905565 0.119652 0.055652 0.055652
0 0.873391 0.082261 0.074783 0.081739
0 0.832522 0.043130 0.066087 0.076522
0 0.784696 0.032000 0.071304 0.064000