0 0.240348 0.973739 0.088696 0.052522
0 0.156870 0.933565 0.078261 0.062609
0 0.114261 0.880522 0.069565 0.067826
0 0.079478 0.864000 0.076522 0.048696
0 0.017130 0.811826 0.034260 0.083478
0 0.466435 0.942261 0.043478 0.034783
0 0.439478 0.914435 0.055652 0.045217
0 0.368174 0.871826 0.045217 0.046957
0 0.325565 0.849217 0.057391 0.050435
0 0.293391 0.798783 0.055652 0.071304
0 0.233391 0.780522 0.071304 0.055652
0 0.205565 0.745739 0.074783 0.062609
0 0.145565 0.701391 0.069565 0.057391
0 0.076000 0.637913 0.073043 0.055652
0 0.736000 0.937043 0.071304 0.062609
0 0.629913 0.882261 0.071304 0.074783
0 0.594261 0.853565 0.062609 0.055652
0 0.549043 0.801391 0.073043 0.059130
0 0.497739 0.794435 0.053913 0.048696
0 0.480348 0.754435 0.053913 0.045217
0 0.378609 0.675304 0.055652 0.060870
0 0.273391 0.610087 0.053913 0.055652
0 0.249913 0.568348 0.052174 0.055652
0 0.180348 0.533565 0.052174 0.041739
0 0.124696 0.480522 0.059130 0.064348
0 0.070783 0.442261 0.038261 0.043478
0 0.031913 0.397043 0.063826 0.064348
0 0.878609 0.861391 0.060870 0.074783
0 0.956870 0.907478 0.046957 0.059130
0 0.981478 0.950957 0.037044 0.076522
0 0.786435 0.794435 0.064348 0.069565
0 0.632522 0.688348 0.059130 0.066087
0 0.536000 0.587478 0.057391 0.062609
0 0.474261 0.554435 0.073043 0.066087
0 0.346435 0.440522 0.057391 0.053913
0 0.273391 0.410087 0.088696 0.073043
0 0.184696 0.334435 0.067826 0.057391
0 0.096870 0.283130 0.048696 0.052174
0 0.072522 0.244870 0.076522 0.062609
0 0.945565 0.690957 0.059130 0.060870
0 0.859478 0.655304 0.081739 0.062609
0 0.822087 0.605739 0.086957 0.078261
0 0.752522 0.556174 0.062609 0.073043
0 0.665565 0.523130 0.069565 0.066087
0 0.611652 0.443130 0.055652 0.059130
0 0.553391 0.399652 0.064348 0.066087
0 0.511652 0.369217 0.050435 0.060870
0 0.465565 0.335304 0.059130 0.052174
0 0.424696 0.300522 0.057391 0.055652
0 0.379478 0.276174 0.060870 0.055652
0 0.347304 0.232696 0.076522 0.066087
0 0.144696 0.070957 0.071304 0.062609
0 0.102087 0.031130 0.083478 0.062260
0 0.847304 0.430957 0.053913 0.045217
0 0.868174 0.402261 0.060870 0.053913
0 0.775130 0.339652 0.076522 0.081739
0 0.694261 0.265739 0.099130 0.090435
0 0.631652 0.236174 0.057391 0.066087
0 0.579478 0.206609 0.078261 0.076522
0 0.537739 0.197043 0.046957 0.064348
0 0.478609 0.126609 0.067826 0.055652
0 0.432522 0.100522 0.059130 0.059130
0 0.342087 0.036174 0.069565 0.059130
0 0.908174 0.231826 0.074783 0.088696
0 0.846435 0.200522 0.069565 0.078261
0 0.798609 0.161391 0.071304 0.076522
0 0.695130 0.091826 0.083478 0.086957
0 0.635130 0.040522 0.074783 0.071304
0 0.903826 0.045739 0.069565 0.064348