0 0.503826 0.903130 0.086957 0.071304
0 0.548174 0.947478 0.099130 0.062609
0 0.429043 0.831826 0.062609 0.067826
0 0.395130 0.804870 0.057391 0.055652
0 0.290783 0.743130 0.085217 0.078261
0 0.183826 0.672696 0.062609 0.055652
0 0.146435 0.644870 0.043478 0.059130
0 0.103826 0.617913 0.090435 0.057391
0 0.020609 0.717043 0.041217 0.074783
0 0.120348 0.813565 0.067826 0.080000
0 0.169043 0.844870 0.071304 0.066087
0 0.244696 0.913565 0.066087 0.099130
0 0.024957 0.965043 0.049913 0.069913
0 0.587304 0.598783 0.062609 0.060870
0 0.689913 0.600522 0.076522 0.074783
0 0.856000 0.790957 0.099130 0.069565
0 0.466435 0.679652 0.064348 0.083478
0 0.291652 0.544870 0.076522 0.078261
0 0.354261 0.590957 0.083478 0.076522
0 0.409043 0.624000 0.081739 0.062609
0 0.552522 0.732696 0.062609 0.064348
0 0.610783 0.789217 0.102609 0.100870
0 0.740348 0.865739 0.076522 0.086957
0 0.796000 0.917043 0.090435 0.081739
0 0.864696 0.964870 0.081739 0.055652
0 0.169913 0.057913 0.076522 0.074783
0 0.498609 0.328348 0.066087 0.076522
0 0.432522 0.278783 0.093913 0.078261
0 0.329043 0.215304 0.092174 0.083478
0 0.628174 0.389217 0.088696 0.076522
0 0.792522 0.530087 0.069565 0.090435
0 0.847304 0.575304 0.085217 0.069565
0 0.898609 0.612696 0.062609 0.064348
0 0.771652 0.690087 0.083478 0.073043
0 0.977130 0.880522 0.045739 0.088696
0 0.954261 0.643130 0.086957 0.062609
0 0.963217 0.430957 0.073565 0.080000
0 0.824696 0.342261 0.074783 0.055652
0 0.662087 0.230957 0.069565 0.062609
0 0.556000 0.111826 0.097391 0.071304
0 0.652522 0.030261 0.074783 0.060522
0 0.742087 0.070957 0.073043 0.090435
0 0.847304 0.185739 0.095652 0.069565
0 0.960609 0.239652 0.078782 0.086957
0 0.995130 0.324870 0.005217 0.288696
0 0.542087 0.550957 0.076522 0.104348
0 0.795130 0.094435 0.071304 0.067826