0 0.167304 0.824000 0.081739 0.086957
0 0.232522 0.876174 0.104348 0.066087
0 0.362956 0.950087 0.086957 0.085217
0 0.106435 0.716174 0.088696 0.076522
0 0.029913 0.871826 0.057391 0.074783
0 0.042348 0.914435 0.084696 0.073043
0 0.082956 0.945739 0.062609 0.073043
0 0.037130 0.699652 0.074260 0.078261
0 0.167304 0.593565 0.088696 0.116522
0 0.278609 0.708348 0.071304 0.095652
0 0.314261 0.666609 0.076522 0.081739
0 0.473391 0.837043 0.053913 0.102609
0 0.410783 0.810957 0.046957 0.081739
0 0.530783 0.877913 0.092174 0.083478
0 0.128174 0.170957 0.097391 0.081739
0 0.067304 0.126609 0.093913 0.083478
0 0.032783 0.270957 0.065565 0.086957
0 0.167304 0.392696 0.067826 0.062609
0 0.514261 0.657913 0.069565 0.085217
0 0.568174 0.709217 0.090435 0.086957
0 0.652522 0.791826 0.081739 0.088696
0 0.698609 0.840522 0.097391 0.074783
0 0.836870 0.891826 0.074783 0.090435
0 0.942956 0.965043 0.078261 0.069913
0 0.948174 0.770087 0.064348 0.097391
0 0.802087 0.684000 0.074783 0.088696
0 0.890783 0.727478 0.078261 0.074783
0 0.676870 0.593565 0.085217 0.085217
0 0.433391 0.398783 0.092174 0.060870
0 0.548174 0.449217 0.088696 0.071304
0 0.594261 0.490957 0.090435 0.067826
0 0.342956 0.324000 0.081739 0.071304
0 0.200348 0.233565 0.099130 0.085217
0 0.260348 0.077913 0.090435 0.097391
0 0.369913 0.108348 0.086957 0.085217
0 0.391652 0.177913 0.064348 0.095652
0 0.451652 0.212696 0.097391 0.071304
0 0.515130 0.276174 0.085217 0.090435
0 0.588174 0.319652 0.102609 0.076522
0 0.659478 0.355304 0.095652 0.074783
0 0.715130 0.404870 0.085217 0.090435
0 0.803826 0.467478 0.133913 0.090435
0 0.769913 0.066609 0.083478 0.081739
0 0.915130 0.185739 0.092174 0.083478
0 0.958870 0.038957 0.082260 0.077913
0 0.519478 0.075304 0.114783 0.085217
0 0.680348 0.182261 0.106087 0.090435
0 0.862087 0.297043 0.083478 0.083478
0 0.973652 0.343130 0.052696 0.088696