0 0.262087 0.839652 0.093913 0.086957
0 0.316000 0.877913 0.111304 0.076522
0 0.388174 0.933565 0.081739 0.076522
0 0.156000 0.947478 0.090435 0.090435
0 0.096870 0.892696 0.107826 0.078261
0 0.037130 0.833565 0.074260 0.071304
0 0.033652 0.976348 0.067304 0.047304
0 0.032783 0.640522 0.065565 0.050435
0 0.084696 0.684870 0.114783 0.083478
0 0.576870 0.870957 0.076522 0.100870
0 0.462087 0.793565 0.090435 0.102609
0 0.383826 0.727478 0.080000 0.078261
0 0.329043 0.685739 0.078261 0.085217
0 0.287304 0.629217 0.081739 0.080000
0 0.129043 0.510087 0.078261 0.078261
0 0.058609 0.290087 0.076522 0.083478
0 0.125565 0.342261 0.099130 0.083478
0 0.280348 0.418783 0.095652 0.080000
0 0.349913 0.457043 0.116522 0.100870
0 0.464696 0.582261 0.074783 0.097391
0 0.609913 0.696174 0.062609 0.092174
0 0.633391 0.533565 0.088696 0.097391
0 0.777739 0.633565 0.130435 0.113043
0 0.839478 0.484000 0.086957 0.092174
0 0.781217 0.412696 0.088696 0.092174
0 0.713391 0.384000 0.102609 0.080000
0 0.668174 0.313565 0.095652 0.088696
0 0.534261 0.207478 0.099130 0.057391
0 0.577739 0.251826 0.081739 0.090435
0 0.389913 0.098783 0.088696 0.062609
0 0.436870 0.147478 0.095652 0.083478
0 0.292522 0.052696 0.074783 0.046957
0 0.337739 0.080522 0.078261 0.081739
0 0.041217 0.044174 0.080000 0.088348
0 0.180348 0.180522 0.118261 0.100870
0 0.277739 0.280522 0.114783 0.074783
0 0.419478 0.344870 0.071304 0.085217
0 0.517739 0.407478 0.090435 0.088696
0 0.580348 0.455304 0.090435 0.086957
0 0.957130 0.353565 0.085739 0.092174
0 0.849043 0.287478 0.081739 0.099130
0 0.793391 0.215304 0.081739 0.100870
0 0.722087 0.145739 0.092174 0.080000
0 0.654261 0.091826 0.092174 0.083478
0 0.574261 0.034609 0.109565 0.069217
0 0.848174 0.073565 0.083478 0.067826
0 0.891652 0.080522 0.069565 0.043478