0 0.052783 0.956174 0.105565 0.080000
0 0.115130 0.804870 0.113043 0.111304
0 0.056870 0.736174 0.073043 0.085217
0 0.230783 0.837043 0.086957 0.102609
0 0.349913 0.888348 0.078261 0.097391
0 0.409043 0.908348 0.113043 0.057391
0 0.440348 0.958087 0.102609 0.083826
0 0.584696 0.961391 0.071304 0.073043
0 0.691652 0.971826 0.076522 0.052174
0 0.646435 0.910087 0.090435 0.078261
0 0.569913 0.846609 0.097391 0.076522
0 0.444696 0.818783 0.132174 0.083478
0 0.345565 0.759652 0.086957 0.076522
0 0.278609 0.712696 0.109565 0.093913
0 0.935130 0.963304 0.118261 0.073391
0 0.849043 0.909217 0.099130 0.097391
0 0.796000 0.864000 0.104348 0.090435
0 0.729043 0.846609 0.078261 0.083478
0 0.684696 0.775304 0.090435 0.073043
0 0.630783 0.741391 0.114783 0.074783
0 0.481217 0.616174 0.080000 0.085217
0 0.429913 0.652696 0.095652 0.081739
0 0.356870 0.579652 0.088696 0.088696
0 0.312522 0.533565 0.069565 0.069565
0 0.237739 0.472696 0.114783 0.086957
0 0.114261 0.606609 0.100870 0.090435
0 0.072522 0.530957 0.062609 0.123478
0 0.109043 0.397043 0.080000 0.078261
0 0.076000 0.339652 0.080000 0.123478
0 0.106435 0.191826 0.099130 0.113043
0 0.191652 0.043304 0.067826 0.086608
0 0.220348 0.270957 0.093913 0.066087
0 0.291652 0.310957 0.107826 0.083478
0 0.354261 0.360522 0.080000 0.085217
0 0.422087 0.419652 0.090435 0.102609
0 0.496870 0.480522 0.100870 0.085217
0 0.563826 0.498783 0.053913 0.083478
0 0.609913 0.524870 0.086957 0.093913
0 0.672522 0.572696 0.097391 0.092174
0 0.735130 0.640522 0.121739 0.109565
0 0.854261 0.665739 0.078261 0.083478
0 0.900348 0.718783 0.080000 0.071304
0 0.954522 0.785739 0.090956 0.104348
0 0.968435 0.603130 0.063130 0.083478
0 0.898609 0.545739 0.086957 0.076522
0 0.829043 0.512696 0.100870 0.073043
0 0.792522 0.464000 0.083478 0.062609
0 0.713391 0.424000 0.106087 0.076522
0 0.669913 0.370087 0.071304 0.066087
0 0.634261 0.338783 0.080000 0.069565
0 0.553391 0.285739 0.088696 0.071304
0 0.429913 0.212696 0.099130 0.099130
0 0.332522 0.139652 0.116522 0.081739
0 0.492522 0.058783 0.106087 0.083478
0 0.544696 0.122261 0.106087 0.099130
0 0.623826 0.170957 0.100870 0.067826
0 0.682087 0.190087 0.060870 0.050435
0 0.737739 0.237043 0.085217 0.092174
0 0.802956 0.290957 0.104348 0.071304
0 0.876000 0.338783 0.086957 0.083478
0 0.945826 0.390957 0.108348 0.097391
0 0.972783 0.214435 0.054434 0.081739
0 0.936870 0.174435 0.073043 0.078261
0 0.901217 0.144000 0.060870 0.066087
0 0.843826 0.110087 0.078261 0.064348
0 0.780348 0.063130 0.073043 0.081739
0 0.706435 0.026783 0.120000 0.053565
0 0.928174 0.017217 0.062609 0.034434
0 0.972783 0.059652 0.054434 0.085217