0 0.310783 0.957217 0.090435 0.085565
0 0.147304 0.840522 0.086957 0.085217
0 0.067304 0.791826 0.093913 0.099130
0 0.035391 0.735304 0.070782 0.097391
0 0.087304 0.970261 0.074783 0.059478
0 0.038870 0.926609 0.077739 0.104348
0 0.064696 0.580522 0.106087 0.100870
0 0.116000 0.637043 0.097391 0.099130
0 0.202087 0.700522 0.120000 0.093913
0 0.332522 0.784000 0.085217 0.083478
0 0.406435 0.850087 0.090435 0.083478
0 0.475130 0.895304 0.092174 0.066087
0 0.543826 0.950957 0.104348 0.086957
0 0.650783 0.856174 0.092174 0.116522
0 0.890783 0.978957 0.120000 0.042086
0 0.509043 0.719652 0.090435 0.066087
0 0.422087 0.649217 0.080000 0.078261
0 0.367304 0.613565 0.088696 0.090435
0 0.311652 0.574435 0.088696 0.085217
0 0.251652 0.518783 0.073043 0.099130
0 0.183826 0.470087 0.076522 0.085217
0 0.117739 0.431826 0.111304 0.109565
0 0.049043 0.371826 0.081739 0.090435
0 0.027565 0.140522 0.055130 0.076522
0 0.175130 0.258783 0.076522 0.073043
0 0.222956 0.301391 0.085217 0.074783
0 0.294261 0.358783 0.102609 0.085217
0 0.364696 0.389217 0.090435 0.059130
0 0.415130 0.451826 0.080000 0.107826
0 0.542087 0.532696 0.080000 0.067826
0 0.599478 0.576174 0.086957 0.085217
0 0.742956 0.655304 0.109565 0.076522
0 0.802956 0.706609 0.100870 0.088696
0 0.853391 0.757913 0.080000 0.066087
0 0.916000 0.802261 0.080000 0.067826
0 0.965826 0.857913 0.068348 0.113043
0 0.911652 0.621391 0.060870 0.092174
0 0.958870 0.664000 0.082260 0.090435
0 0.771652 0.530087 0.076522 0.090435
0 0.724696 0.484870 0.066087 0.093913
0 0.668174 0.423130 0.088696 0.102609
0 0.558609 0.358783 0.088696 0.106087
0 0.515130 0.321391 0.078261 0.086957
0 0.454261 0.263130 0.074783 0.095652
0 0.370783 0.204870 0.071304 0.093913
0 0.313391 0.165739 0.085217 0.078261
0 0.200348 0.083130 0.099130 0.093913
0 0.153391 0.050957 0.126957 0.078261
0 0.408174 0.044870 0.083478 0.066087
0 0.458609 0.092696 0.097391 0.078261
0 0.532522 0.144000 0.102609 0.073043
0 0.596870 0.170957 0.081739 0.085217
0 0.666435 0.230087 0.113043 0.102609
0 0.746435 0.289217 0.099130 0.092174
0 0.861217 0.378783 0.099130 0.086957
0 0.935130 0.418783 0.090435 0.062609
0 0.971913 0.473565 0.056174 0.116522
0 0.971043 0.290087 0.057913 0.111304
0 0.917739 0.213565 0.090435 0.097391
0 0.841217 0.170087 0.097391 0.093913
0 0.751652 0.116174 0.085217 0.069565
0 0.647304 0.019826 0.113043 0.039652
0 0.876000 0.038087 0.069565 0.076174
0 0.965826 0.064000 0.068348 0.076522