0 0.745565 0.850957 0.111304 0.092174
0 0.802087 0.916174 0.106087 0.097391
0 0.879478 0.971130 0.118261 0.057739
0 0.588174 0.965913 0.126957 0.068174
0 0.490783 0.890087 0.095652 0.093913
0 0.431652 0.824870 0.085217 0.078261
0 0.336870 0.756174 0.100870 0.083478
0 0.219478 0.662261 0.099130 0.080000
0 0.092522 0.550957 0.099130 0.086957
0 0.044957 0.491826 0.089913 0.097391
0 0.075130 0.763130 0.095652 0.097391
0 0.038000 0.689217 0.076000 0.095652
0 0.154261 0.807478 0.100870 0.088696
0 0.251652 0.911826 0.114783 0.074783
0 0.356870 0.965043 0.130435 0.069913
0 0.120348 0.967652 0.116522 0.064696
0 0.044957 0.894435 0.089913 0.116522
0 0.612522 0.766609 0.085217 0.090435
0 0.500348 0.696174 0.083478 0.085217
0 0.465565 0.637043 0.069565 0.095652
0 0.370783 0.580522 0.085217 0.093913
0 0.315130 0.533565 0.071304 0.083478
0 0.245565 0.494435 0.092174 0.078261
0 0.122956 0.390957 0.080000 0.086957
0 0.180348 0.435304 0.062609 0.060870
0 0.088174 0.340522 0.076522 0.083478
0 0.017130 0.271826 0.034260 0.085217
0 0.050783 0.123130 0.064348 0.069565
0 0.102087 0.158783 0.066087 0.046957
0 0.136000 0.192696 0.060870 0.069565
0 0.194261 0.242261 0.090435 0.067826
0 0.244696 0.277043 0.080000 0.074783
0 0.298609 0.322261 0.059130 0.064348
0 0.342956 0.366609 0.067826 0.073043
0 0.397739 0.409217 0.083478 0.064348
0 0.456000 0.440522 0.060870 0.078261
0 0.494261 0.481391 0.053913 0.069565
0 0.597739 0.564870 0.097391 0.114783
0 0.664696 0.621391 0.102609 0.078261
0 0.736870 0.669217 0.083478 0.080000
0 0.798609 0.724870 0.081739 0.083478
0 0.867304 0.779652 0.093913 0.092174
0 0.913391 0.825739 0.060870 0.069565
0 0.826435 0.531826 0.081739 0.080000
0 0.938609 0.633565 0.048696 0.064348
0 0.874261 0.591826 0.107826 0.092174
0 0.764696 0.485739 0.083478 0.102609
0 0.691652 0.430957 0.097391 0.080000
0 0.587304 0.349217 0.083478 0.076522
0 0.526435 0.301391 0.097391 0.074783
0 0.496000 0.255304 0.106087 0.083478
0 0.419478 0.204000 0.074783 0.060870
0 0.364696 0.162261 0.086957 0.064348
0 0.307304 0.126609 0.093913 0.069565
0 0.252522 0.066609 0.102609 0.085217
0 0.512522 0.085739 0.086957 0.081739
0 0.575130 0.131826 0.093913 0.069565
0 0.636000 0.181391 0.090435 0.092174
0 0.702087 0.240522 0.083478 0.085217
0 0.762956 0.273565 0.100870 0.109565
0 0.882087 0.381391 0.088696 0.109565
0 0.939478 0.416174 0.088696 0.116522
0 0.885565 0.158783 0.064348 0.081739
0 0.934261 0.202261 0.071304 0.092174
0 0.973391 0.255304 0.041739 0.076522
0 0.780348 0.090957 0.100870 0.092174
0 0.719478 0.040696 0.125217 0.081391