0 0.084696 0.777043 0.073043 0.083478
0 0.040348 0.737043 0.074783 0.100870
0 0.182087 0.612696 0.066087 0.088696
0 0.115130 0.574435 0.106087 0.095652
0 0.045826 0.509217 0.091652 0.111304
0 0.296870 0.519652 0.107826 0.076522
0 0.240348 0.477913 0.109565 0.093913
0 0.161217 0.391826 0.086957 0.046957
0 0.101217 0.344870 0.102609 0.092174
0 0.040609 0.287478 0.081217 0.120000
0 0.400348 0.394435 0.085217 0.083478
0 0.305565 0.331826 0.111304 0.083478
0 0.184696 0.216174 0.116522 0.099130
0 0.113391 0.154435 0.130435 0.114783
0 0.051043 0.097913 0.102086 0.106087
0 0.209043 0.034435 0.053913 0.062609
0 0.262956 0.070957 0.133913 0.093913
0 0.335130 0.139652 0.114783 0.081739
0 0.385565 0.187478 0.090435 0.080000
0 0.441217 0.251826 0.090435 0.090435
0 0.608174 0.185739 0.086957 0.083478
0 0.547304 0.076174 0.086957 0.080000
0 0.429043 0.027652 0.100870 0.055304