0 0.147000 0.961000 0.058000 0.078000
0 0.373000 0.897000 0.062000 0.066000
0 0.321000 0.966000 0.050000 0.048000
0 0.220000 0.986000 0.048000 0.028000
0 0.463000 0.971000 0.054000 0.038000
0 0.553000 0.829000 0.058000 0.050000
0 0.553000 0.858000 0.054000 0.056000
0 0.748000 0.660000 0.076000 0.052000
0 0.894000 0.128000 0.092000 0.088000
0 0.783000 0.116000 0.058000 0.052000
0 0.785000 0.146000 0.046000 0.044000
0 0.701000 0.086000 0.070000 0.072000
0 0.661000 0.074000 0.058000 0.044000
0 0.490000 0.096000 0.052000 0.048000
0 0.413000 0.148000 0.062000 0.048000
0 0.212000 0.064000 0.044000 0.056000
0 0.033000 0.307000 0.034000 0.086000
0 0.013000 0.382000 0.026000 0.036000
0 0.039000 0.438000 0.054000 0.068000
0 0.275000 0.429000 0.082000 0.078000
0 0.355000 0.440000 0.046000 0.052000
0 0.427000 0.517000 0.078000 0.050000
0 0.596000 0.444000 0.048000 0.032000
0 0.757000 0.226000 0.038000 0.040000
0 0.802000 0.276000 0.052000 0.044000
0 0.434000 0.557000 0.048000 0.050000
0 0.266000 0.594000 0.080000 0.064000
0 0.344000 0.676000 0.068000 0.048000
0 0.422000 0.724000 0.060000 0.056000
0 0.495000 0.741000 0.038000 0.070000
0 0.537000 0.721000 0.030000 0.046000
0 0.081000 0.691000 0.038000 0.054000
0 0.034000 0.766000 0.040000 0.040000
0 0.791000 0.597000 0.074000 0.050000
0 0.622000 0.288000 0.064000 0.048000
0 0.942000 0.262000 0.028000 0.072000
0 0.165000 0.322000 0.046000 0.024000