0 0.884000 0.650000 0.056000 0.072000
0 0.907000 0.616000 0.038000 0.052000
0 0.940000 0.600000 0.048000 0.040000
0 0.971000 0.566000 0.034000 0.048000
0 0.891000 0.524000 0.054000 0.032000
0 0.843000 0.588000 0.038000 0.044000
0 0.825000 0.462000 0.034000 0.024000
0 0.807000 0.483000 0.046000 0.038000
0 0.617000 0.960000 0.090000 0.076000
0 0.688000 0.980000 0.048000 0.040000
0 0.510000 0.974000 0.064000 0.052000
0 0.547000 0.898000 0.042000 0.052000
0 0.582000 0.871000 0.044000 0.058000
0 0.953000 0.735000 0.046000 0.038000
0 0.977000 0.707000 0.046000 0.066000
0 0.907000 0.314000 0.050000 0.056000
0 0.875000 0.369000 0.050000 0.042000