0 0.057000 0.442000 0.066000 0.060000
0 0.069000 0.706000 0.046000 0.052000
0 0.049000 0.753000 0.046000 0.034000
0 0.043000 0.778000 0.050000 0.044000
0 0.172000 0.732000 0.044000 0.044000
0 0.126000 0.790000 0.044000 0.044000
0 0.160000 0.759000 0.036000 0.034000
0 0.405000 0.861000 0.034000 0.038000
0 0.394000 0.836000 0.028000 0.028000
0 0.564000 0.912000 0.060000 0.052000
0 0.537000 0.954000 0.066000 0.048000
0 0.468000 0.925000 0.040000 0.034000
0 0.437000 0.973000 0.058000 0.046000
0 0.417000 0.982000 0.078000 0.036000
0 0.590000 0.990000 0.048000 0.020000
0 0.335000 0.957000 0.038000 0.042000
0 0.181000 0.897000 0.042000 0.038000
0 0.270000 0.887000 0.048000 0.038000
0 0.404000 0.660000 0.032000 0.048000
0 0.038000 0.602000 0.028000 0.036000