0 0.471000 0.683000 0.074000 0.074000
0 0.593000 0.656000 0.062000 0.048000
0 0.680000 0.663000 0.064000 0.038000
0 0.715000 0.629000 0.070000 0.062000
0 0.852000 0.692000 0.052000 0.048000
0 0.886000 0.666000 0.068000 0.064000
0 0.924000 0.612000 0.064000 0.064000
0 0.971000 0.584000 0.058000 0.052000
0 0.972000 0.441000 0.052000 0.026000
0 0.978000 0.388000 0.040000 0.060000
0 0.923000 0.380000 0.034000 0.028000
0 0.898000 0.218000 0.044000 0.040000
0 0.858000 0.098000 0.040000 0.048000
0 0.654000 0.285000 0.044000 0.054000
0 0.672000 0.397000 0.076000 0.082000
0 0.753000 0.445000 0.054000 0.078000
0 0.577000 0.475000 0.034000 0.046000
0 0.612000 0.447000 0.052000 0.058000
0 0.544000 0.411000 0.028000 0.050000
0 0.497000 0.496000 0.066000 0.064000
0 0.791000 0.727000 0.046000 0.054000
0 0.858000 0.745000 0.040000 0.034000
0 0.942000 0.796000 0.060000 0.060000
0 0.919000 0.813000 0.062000 0.058000
0 0.902000 0.870000 0.056000 0.060000
0 0.976000 0.896000 0.028000 0.044000
0 0.961000 0.932000 0.078000 0.056000
0 0.813000 0.820000 0.050000 0.040000
0 0.516000 0.671000 0.036000 0.038000
0 0.302000 0.273000 0.048000 0.058000
0 0.247000 0.229000 0.050000 0.038000
0 0.253000 0.197000 0.062000 0.046000
0 0.524000 0.295000 0.052000 0.054000
0 0.745000 0.257000 0.038000 0.034000
0 0.818000 0.359000 0.044000 0.038000
0 0.255000 0.060000 0.030000 0.048000
0 0.164000 0.153000 0.036000 0.022000
0 0.155000 0.204000 0.062000 0.076000