0 0.381217 0.884000 0.095652 0.102609
0 0.429043 0.932696 0.104348 0.081739
0 0.496870 0.974609 0.076522 0.050782
0 0.241217 0.965913 0.097391 0.068174
0 0.489913 0.782261 0.076522 0.073043
0 0.542087 0.828348 0.073043 0.071304
0 0.579478 0.864870 0.074783 0.060870
0 0.642956 0.915304 0.090435 0.088696
0 0.704696 0.965043 0.088696 0.069913
0 0.835130 0.985913 0.109565 0.028174
0 0.654261 0.721391 0.137391 0.083478
0 0.745565 0.770957 0.090435 0.071304
0 0.796870 0.824870 0.092174 0.085217
0 0.868174 0.865739 0.088696 0.083478
0 0.935130 0.917043 0.090435 0.088696
0 0.668174 0.533565 0.081739 0.062609
0 0.799478 0.610087 0.097391 0.093913
0 0.840348 0.651826 0.078261 0.093913
0 0.904696 0.676174 0.081739 0.083478
0 0.962348 0.736174 0.075304 0.123478
0 0.958870 0.539652 0.082260 0.095652
0 0.909043 0.470087 0.104348 0.102609
0 0.815130 0.429217 0.111304 0.083478