0 0.210783 0.695304 0.106087 0.107826
0 0.083826 0.604000 0.085217 0.085217
0 0.037130 0.545739 0.074260 0.114783
0 0.031043 0.778783 0.062086 0.090435
0 0.147304 0.871826 0.111304 0.123478
0 0.211652 0.917913 0.083478 0.069565
0 0.283826 0.957913 0.106087 0.083478
0 0.352522 0.822261 0.100870 0.107826
0 0.459478 0.907478 0.081739 0.086957
0 0.535130 0.963130 0.107826 0.066087
0 0.859478 0.616174 0.078261 0.067826
0 0.966696 0.674435 0.066608 0.073043
0 0.802956 0.535304 0.076522 0.066087
0 0.656870 0.457913 0.104348 0.088696
0 0.900348 0.413565 0.076522 0.069565
0 0.908174 0.186609 0.095652 0.106087
0 0.835130 0.125739 0.067826 0.067826
0 0.780348 0.108348 0.066087 0.067826
0 0.953391 0.058783 0.071304 0.069565
0 0.932522 0.034609 0.078261 0.069217
0 0.706435 0.048348 0.078261 0.083478
0 0.471652 0.038087 0.113043 0.076174
0 0.544696 0.331826 0.085217 0.069565
0 0.601217 0.386609 0.093913 0.095652
0 0.398609 0.231826 0.078261 0.078261
0 0.300348 0.111826 0.086957 0.092174
0 0.149913 0.047652 0.092174 0.095304