0 0.039739 0.714435 0.079478 0.073043
0 0.056870 0.750087 0.076522 0.071304
0 0.054261 0.948348 0.099130 0.088696
0 0.142087 0.848348 0.083478 0.080000
0 0.202956 0.897043 0.093913 0.073043
0 0.255130 0.931826 0.076522 0.062609
0 0.316870 0.972000 0.074783 0.056000
0 0.071652 0.581391 0.064348 0.071304
0 0.034522 0.537043 0.069043 0.076522
0 0.138609 0.637043 0.097391 0.074783
0 0.209043 0.689217 0.099130 0.074783
0 0.269043 0.733565 0.076522 0.076522
0 0.330783 0.784870 0.092174 0.085217
0 0.389043 0.832696 0.090435 0.080000
0 0.448174 0.883130 0.069565 0.076522
0 0.501217 0.938783 0.081739 0.073043
0 0.675130 0.870957 0.078261 0.104348
0 0.736870 0.924870 0.083478 0.093913
0 0.802956 0.971130 0.093913 0.057739
0 0.522087 0.759652 0.067826 0.090435
0 0.404696 0.660522 0.062609 0.080000
0 0.338609 0.610957 0.080000 0.095652
0 0.294261 0.552696 0.067826 0.080000
0 0.244696 0.502261 0.069565 0.076522
0 0.166435 0.456174 0.083478 0.078261
0 0.109913 0.404870 0.088696 0.083478
0 0.049043 0.338783 0.081739 0.080000
0 0.099478 0.165739 0.071304 0.060870
0 0.145565 0.226609 0.083478 0.088696
0 0.205565 0.282261 0.085217 0.074783
0 0.268174 0.330087 0.095652 0.090435
0 0.330783 0.388348 0.088696 0.092174
0 0.388174 0.437913 0.078261 0.073043
0 0.439478 0.479652 0.083478 0.080000
0 0.486435 0.504870 0.066087 0.067826
0 0.529043 0.551826 0.057391 0.088696
0 0.575130 0.584000 0.076522 0.066087
0 0.629043 0.611826 0.066087 0.055652
0 0.676000 0.651826 0.073043 0.076522
0 0.727304 0.706609 0.081739 0.081739
0 0.801217 0.762261 0.093913 0.095652
0 0.929913 0.870087 0.080000 0.092174
0 0.977130 0.700522 0.045739 0.097391
0 0.899478 0.643130 0.074783 0.093913
0 0.843826 0.596174 0.064348 0.076522
0 0.812522 0.545739 0.078261 0.059130
0 0.750783 0.512696 0.069565 0.069565
0 0.673391 0.464000 0.095652 0.097391
0 0.621217 0.383130 0.092174 0.074783
0 0.541217 0.350957 0.067826 0.080000
0 0.479478 0.298783 0.083478 0.069565
0 0.430783 0.263130 0.066087 0.081739
0 0.382956 0.211826 0.060870 0.076522
0 0.323826 0.162261 0.074783 0.064348
0 0.246435 0.119652 0.069565 0.066087
0 0.179478 0.074435 0.064348 0.069565
0 0.433391 0.065739 0.074783 0.062609
0 0.494261 0.110957 0.088696 0.083478
0 0.542956 0.154435 0.078261 0.069565
0 0.596000 0.200522 0.059130 0.060870
0 0.641217 0.230087 0.073043 0.053913
0 0.684696 0.262261 0.062609 0.069565
0 0.779478 0.345739 0.067826 0.069565
0 0.833391 0.394435 0.088696 0.080000
0 0.903826 0.449217 0.097391 0.085217
0 0.967565 0.499652 0.064870 0.092174
0 0.972783 0.289217 0.054434 0.116522
0 0.891652 0.206609 0.062609 0.080000
0 0.837739 0.175304 0.062609 0.080000
0 0.770783 0.123130 0.085217 0.100870
0 0.722087 0.060522 0.081739 0.080000
0 0.662956 0.026783 0.092174 0.053565
0 0.609043 0.016348 0.102609 0.032696
0 0.924696 0.044870 0.083478 0.073043
0 0.966696 0.099652 0.066608 0.106087