0 0.211652 0.875304 0.093913 0.095652
0 0.166435 0.840522 0.086957 0.071304
0 0.096870 0.804870 0.083478 0.080000
0 0.020609 0.721391 0.041217 0.111304
0 0.276870 0.974609 0.081739 0.050782
0 0.337739 0.955478 0.074783 0.089043
0 0.038000 0.956348 0.076000 0.087304
0 0.405565 0.845739 0.126957 0.078261
0 0.493391 0.904000 0.114783 0.080000
0 0.542087 0.944000 0.083478 0.069565
0 0.235130 0.714435 0.106087 0.093913
0 0.182087 0.659652 0.111304 0.081739
0 0.085565 0.603130 0.102609 0.076522
0 0.032783 0.546609 0.065565 0.085217
0 0.053391 0.307478 0.093913 0.090435
0 0.100348 0.374435 0.093913 0.095652
0 0.149913 0.439652 0.078261 0.076522
0 0.221217 0.483130 0.113043 0.093913
0 0.290783 0.530087 0.095652 0.083478
0 0.355130 0.577043 0.106087 0.086957
0 0.418609 0.643130 0.125217 0.111304
0 0.511652 0.723130 0.113043 0.093913
0 0.597739 0.779652 0.111304 0.078261
0 0.678609 0.835304 0.116522 0.106087
0 0.754261 0.890087 0.076522 0.093913
0 0.893391 0.802261 0.076522 0.074783
0 0.847304 0.760522 0.081739 0.102609
0 0.780348 0.697043 0.100870 0.097391
0 0.697739 0.649217 0.092174 0.088696
0 0.643826 0.606609 0.092174 0.076522
0 0.565565 0.550087 0.074783 0.081739
0 0.469913 0.466609 0.088696 0.092174
0 0.405565 0.422261 0.102609 0.093913
0 0.339478 0.370087 0.120000 0.100870
0 0.263826 0.305739 0.097391 0.086957
0 0.211652 0.269217 0.118261 0.104348
0 0.153391 0.217043 0.081739 0.073043
0 0.945565 0.620522 0.069565 0.118261
0 0.810783 0.544000 0.085217 0.104348
0 0.706435 0.440522 0.064348 0.088696
0 0.630783 0.392696 0.093913 0.104348
0 0.554261 0.324870 0.100870 0.097391
0 0.490783 0.265739 0.078261 0.076522
0 0.419478 0.209217 0.102609 0.085217
0 0.332522 0.136174 0.085217 0.092174
0 0.268174 0.078783 0.095652 0.081739
0 0.196870 0.033739 0.113043 0.067478
0 0.943826 0.439652 0.073043 0.090435
0 0.888174 0.385739 0.080000 0.111304
0 0.829913 0.335304 0.106087 0.093913
0 0.752522 0.264870 0.080000 0.078261
0 0.678609 0.221391 0.081739 0.074783
0 0.609913 0.164000 0.090435 0.071304
0 0.576870 0.124870 0.111304 0.066087
0 0.497739 0.083130 0.088696 0.073043
0 0.471652 0.046609 0.067826 0.055652
0 0.419478 0.026783 0.081739 0.053565
0 0.692522 0.036174 0.074783 0.062609
0 0.793391 0.084000 0.085217 0.071304
0 0.829913 0.132696 0.067826 0.060870
0 0.885565 0.174435 0.078261 0.064348
0 0.978870 0.253565 0.042260 0.118261
0 0.959739 0.039826 0.080522 0.079652