0 0.038000 0.921391 0.076000 0.100870
0 0.121217 0.960522 0.052174 0.057391
0 0.118609 0.764870 0.085217 0.083478
0 0.035130 0.697913 0.067826 0.088696
0 0.190783 0.813565 0.097391 0.080000
0 0.254261 0.857043 0.092174 0.080000
0 0.326435 0.916174 0.097391 0.093913
0 0.455130 0.804870 0.086957 0.097391
0 0.515130 0.867478 0.106087 0.083478
0 0.591652 0.927478 0.099130 0.074783
0 0.671652 0.965043 0.092174 0.069913
0 0.336000 0.732696 0.095652 0.074783
0 0.246435 0.670957 0.100870 0.080000
0 0.159478 0.597913 0.111304 0.086957
0 0.062087 0.317913 0.083478 0.069565
0 0.036261 0.272696 0.072522 0.090435
0 0.156870 0.377913 0.092174 0.092174
0 0.234261 0.437043 0.121739 0.106087
0 0.313391 0.500522 0.085217 0.083478
0 0.367304 0.556174 0.085217 0.080000
0 0.437739 0.597913 0.100870 0.073043
0 0.505565 0.642261 0.086957 0.074783
0 0.627304 0.719652 0.073043 0.052174
0 0.689913 0.773565 0.114783 0.104348
0 0.738609 0.829217 0.139130 0.090435
0 0.812522 0.877913 0.078261 0.080000
0 0.945565 0.965913 0.073043 0.068174
0 0.840348 0.684000 0.081739 0.102609
0 0.969913 0.799652 0.055652 0.045217
0 0.902087 0.748348 0.073043 0.067826
0 0.776870 0.644870 0.076522 0.069565
0 0.712522 0.612696 0.090435 0.092174
0 0.623826 0.546609 0.073043 0.074783
0 0.546435 0.476174 0.095652 0.097391
0 0.462956 0.410087 0.074783 0.080000
0 0.408174 0.361391 0.114783 0.080000
0 0.312522 0.293565 0.083478 0.059130
0 0.255130 0.244870 0.086957 0.086957
0 0.191652 0.217043 0.081739 0.062609
0 0.157739 0.167478 0.076522 0.074783
0 0.090783 0.110957 0.081739 0.069565
0 0.055130 0.079652 0.083478 0.066087
0 0.027565 0.046609 0.055130 0.062609
0 0.249913 0.030261 0.069565 0.060522
0 0.317739 0.087478 0.156522 0.109565
0 0.401217 0.150957 0.080000 0.069565
0 0.456000 0.197913 0.081739 0.083478
0 0.510783 0.256174 0.073043 0.067826
0 0.563826 0.276174 0.071304 0.041739
0 0.616000 0.306609 0.088696 0.064348
0 0.665565 0.344000 0.066087 0.048696
0 0.693391 0.386609 0.055652 0.085217
0 0.774261 0.452696 0.074783 0.078261
0 0.825565 0.486609 0.073043 0.066087
0 0.872522 0.523130 0.076522 0.062609
0 0.951652 0.590087 0.078261 0.095652
0 0.975391 0.423130 0.049217 0.085217
0 0.927304 0.352696 0.088696 0.059130
0 0.862087 0.312696 0.086957 0.073043
0 0.808174 0.277043 0.080000 0.071304
0 0.756870 0.239652 0.067826 0.066087
0 0.719478 0.200522 0.073043 0.060870
0 0.547304 0.059652 0.083478 0.057391
0 0.599478 0.092696 0.076522 0.057391
0 0.654261 0.133565 0.088696 0.069565
0 0.789043 0.056174 0.076522 0.074783
0 0.840348 0.103130 0.099130 0.074783
0 0.946435 0.164870 0.057391 0.069565
0 0.745565 0.020696 0.059130 0.041391