0 0.236870 0.589217 0.095652 0.069565
0 0.296870 0.642261 0.086957 0.064348
0 0.092522 0.465739 0.067826 0.093913
0 0.044957 0.441391 0.089913 0.080000
0 0.038000 0.617913 0.076000 0.057391
0 0.081217 0.665739 0.083478 0.076522
0 0.132522 0.721391 0.078261 0.073043
0 0.100348 0.892696 0.076522 0.074783
0 0.045826 0.842261 0.091652 0.095652
0 0.155130 0.940522 0.085217 0.062609
0 0.210783 0.972000 0.102609 0.056000
0 0.222087 0.784000 0.059130 0.069565
0 0.261217 0.818783 0.067826 0.055652
0 0.325565 0.866609 0.092174 0.085217
0 0.400348 0.923130 0.092174 0.069565
0 0.457739 0.957043 0.099130 0.081739
0 0.362956 0.690957 0.093913 0.081739
0 0.435130 0.746609 0.102609 0.085217
0 0.502087 0.793565 0.100870 0.067826
0 0.569043 0.845739 0.081739 0.078261
0 0.631652 0.894435 0.099130 0.067826
0 0.703826 0.949391 0.114783 0.101217
0 0.736870 0.774435 0.083478 0.085217
0 0.775130 0.816174 0.090435 0.078261
0 0.881217 0.874435 0.111304 0.076522
0 0.948174 0.947478 0.078261 0.097391
0 0.595130 0.663130 0.060870 0.064348
0 0.626435 0.703130 0.057391 0.064348
0 0.531652 0.617043 0.073043 0.073043
0 0.382087 0.486609 0.083478 0.069565
0 0.431652 0.545739 0.078261 0.090435
0 0.314261 0.450087 0.066087 0.066087
0 0.242956 0.391826 0.073043 0.081739
0 0.147304 0.329217 0.097391 0.088696
0 0.054261 0.229217 0.067826 0.073043
0 0.082956 0.054435 0.066087 0.057391
0 0.048435 0.032870 0.096870 0.065739
0 0.202087 0.143130 0.088696 0.067826
0 0.244696 0.179652 0.080000 0.057391
0 0.306435 0.229217 0.081739 0.076522
0 0.374261 0.283130 0.095652 0.076522
0 0.442956 0.334435 0.114783 0.088696
0 0.521217 0.410957 0.100870 0.099130
0 0.582087 0.467478 0.080000 0.062609
0 0.711652 0.536174 0.074783 0.050435
0 0.744696 0.577913 0.064348 0.064348
0 0.844696 0.658783 0.069565 0.073043
0 0.898609 0.693565 0.090435 0.062609
0 0.962348 0.739652 0.075304 0.078261
0 0.972783 0.562261 0.054434 0.106087
0 0.925565 0.513565 0.057391 0.071304
0 0.865565 0.474435 0.090435 0.090435
0 0.807304 0.417913 0.071304 0.074783
0 0.686435 0.339652 0.100870 0.095652
0 0.756870 0.370957 0.085217 0.088696
0 0.566435 0.247478 0.062609 0.071304
0 0.521217 0.212696 0.069565 0.071304
0 0.462087 0.139652 0.062609 0.078261
0 0.410783 0.101391 0.067826 0.057391
0 0.373391 0.067478 0.086957 0.069565
0 0.299478 0.033739 0.095652 0.067478
0 0.556870 0.027478 0.057391 0.052174
0 0.591652 0.053565 0.074783 0.069565
0 0.640348 0.105739 0.071304 0.076522
0 0.693391 0.136174 0.066087 0.053913
0 0.747304 0.171826 0.076522 0.076522
0 0.841217 0.228348 0.069565 0.071304
0 0.947304 0.322261 0.086957 0.071304
0 0.976261 0.123130 0.047478 0.073043
0 0.874261 0.054435 0.073043 0.081739