0 0.164696 0.900522 0.093913 0.100870
0 0.250783 0.961391 0.133913 0.073043
0 0.234261 0.744870 0.052174 0.074783
0 0.182956 0.700522 0.078261 0.083478
0 0.103826 0.647478 0.083478 0.092174
0 0.018000 0.560522 0.036000 0.109565
0 0.038870 0.357913 0.077739 0.080000
0 0.065565 0.408348 0.076522 0.080000
0 0.169043 0.463130 0.078261 0.081739
0 0.213391 0.507478 0.090435 0.083478
0 0.252522 0.549217 0.050435 0.059130
0 0.320348 0.613565 0.095652 0.090435
0 0.455130 0.700522 0.073043 0.062609
0 0.505565 0.748348 0.093913 0.088696
0 0.589043 0.787478 0.107826 0.073043
0 0.644696 0.835304 0.083478 0.092174
0 0.777739 0.933565 0.085217 0.090435
0 0.370783 0.851826 0.060870 0.059130
0 0.446435 0.891826 0.073043 0.062609
0 0.490783 0.924870 0.078261 0.066087
0 0.554261 0.964000 0.076522 0.067826
0 0.715130 0.704870 0.071304 0.074783
0 0.762956 0.752696 0.080000 0.090435
0 0.817739 0.788348 0.078261 0.078261
0 0.914261 0.848348 0.059130 0.069565
0 0.895130 0.631826 0.062609 0.067826
0 0.938609 0.673565 0.055652 0.071304
0 0.972783 0.717043 0.054434 0.071304
0 0.623826 0.632696 0.073043 0.093913
0 0.534261 0.567478 0.078261 0.095652
0 0.488174 0.528348 0.073043 0.080000
0 0.442087 0.484000 0.074783 0.092174
0 0.389043 0.451826 0.083478 0.086957
0 0.276870 0.370957 0.067826 0.088696
0 0.225565 0.316174 0.076522 0.093913
0 0.109043 0.221391 0.086957 0.064348
0 0.056870 0.190087 0.097391 0.050435
0 0.108174 0.037217 0.074783 0.074434
0 0.176870 0.078783 0.111304 0.074783
0 0.256000 0.132696 0.092174 0.074783
0 0.330783 0.185739 0.102609 0.090435
0 0.449043 0.261391 0.074783 0.057391
0 0.493391 0.311826 0.090435 0.095652
0 0.546435 0.362261 0.092174 0.060870
0 0.616000 0.404870 0.088696 0.076522
0 0.676870 0.453565 0.095652 0.083478
0 0.758609 0.505739 0.120000 0.069565
0 0.486435 0.080522 0.083478 0.081739
0 0.554261 0.130957 0.118261 0.113043
0 0.626435 0.227478 0.099130 0.111304
0 0.776870 0.333565 0.100870 0.086957
0 0.839478 0.378783 0.093913 0.080000
0 0.919478 0.425739 0.107826 0.080000
0 0.932522 0.240522 0.053913 0.081739
0 0.970174 0.283130 0.059652 0.100870
0 0.874261 0.191826 0.083478 0.081739
0 0.822087 0.140522 0.080000 0.076522
0 0.758609 0.090957 0.085217 0.074783
0 0.693391 0.037217 0.086957 0.074434
0 0.966696 0.043304 0.066608 0.086608