0 0.681217 0.865739 0.121739 0.090435
0 0.765565 0.938783 0.099130 0.100870
0 0.836870 0.977217 0.095652 0.045565
0 0.883826 0.825739 0.081739 0.083478
0 0.931652 0.875304 0.083478 0.067826
0 0.975391 0.913565 0.049217 0.064348
0 0.789043 0.777043 0.086957 0.083478
0 0.738609 0.716174 0.100870 0.104348
0 0.649913 0.655304 0.083478 0.062609
0 0.587304 0.599652 0.090435 0.076522
0 0.462087 0.522261 0.076522 0.064348
0 0.429043 0.472696 0.093913 0.073043
0 0.342956 0.413565 0.078261 0.086957
0 0.294261 0.381391 0.085217 0.071304
0 0.271652 0.366609 0.109565 0.076522
0 0.195130 0.315304 0.085217 0.071304
0 0.098609 0.246609 0.073043 0.080000
0 0.049913 0.194435 0.090435 0.080000
0 0.041478 0.374435 0.082956 0.071304
0 0.072522 0.428348 0.076522 0.088696
0 0.177739 0.490087 0.078261 0.073043
0 0.236870 0.541391 0.095652 0.092174
0 0.288174 0.590957 0.090435 0.080000
0 0.354261 0.644000 0.097391 0.067826
0 0.414261 0.676174 0.074783 0.069565
0 0.476870 0.738783 0.088696 0.104348
0 0.540348 0.780522 0.090435 0.090435
0 0.448174 0.894435 0.080000 0.095652
0 0.505565 0.952696 0.080000 0.076522
0 0.580348 0.980696 0.132174 0.038608
0 0.348174 0.809217 0.071304 0.095652
0 0.289913 0.773565 0.076522 0.090435
0 0.203826 0.724870 0.102609 0.076522
0 0.149043 0.657043 0.090435 0.107826
0 0.068174 0.609217 0.113043 0.106087
0 0.031043 0.541391 0.062086 0.113043
0 0.025826 0.736174 0.051652 0.123478
0 0.076870 0.806609 0.099130 0.114783
0 0.145565 0.857913 0.097391 0.081739
0 0.181217 0.914435 0.057391 0.083478
0 0.236000 0.931826 0.097391 0.073043
0 0.312522 0.968522 0.111304 0.062956
0 0.047565 0.970261 0.095130 0.059478
0 0.789043 0.551826 0.076522 0.106087
0 0.862087 0.620522 0.121739 0.107826
0 0.891652 0.674435 0.069565 0.086957
0 0.948435 0.663130 0.103130 0.116522
0 0.652522 0.477913 0.106087 0.111304
0 0.593391 0.404870 0.092174 0.104348
0 0.470783 0.333565 0.097391 0.100870
0 0.413391 0.272696 0.090435 0.083478
0 0.372522 0.228348 0.116522 0.085217
0 0.309043 0.164870 0.097391 0.083478
0 0.177739 0.096174 0.095652 0.095652
0 0.108174 0.044000 0.088696 0.074783
0 0.340348 0.042261 0.097391 0.078261
0 0.462956 0.099652 0.088696 0.078261
0 0.501217 0.144870 0.095652 0.085217
0 0.558609 0.199652 0.078261 0.066087
0 0.618609 0.250957 0.097391 0.081739
0 0.743826 0.309217 0.097391 0.062609
0 0.792522 0.364870 0.073043 0.083478
0 0.828174 0.406609 0.085217 0.066087
0 0.905565 0.451826 0.104348 0.090435
0 0.942087 0.502261 0.100870 0.076522
0 0.639478 0.069217 0.083478 0.086957
0 0.696000 0.098783 0.088696 0.086957
0 0.756870 0.143130 0.081739 0.074783
0 0.816000 0.195304 0.092174 0.092174
0 0.878609 0.242261 0.088696 0.092174
0 0.931652 0.284870 0.083478 0.080000
0 0.971913 0.316174 0.056174 0.083478
0 0.975391 0.112696 0.049217 0.097391
0 0.920348 0.065739 0.116522 0.083478
0 0.824696 0.029391 0.137391 0.058782