0 0.185565 0.892696 0.086957 0.074783
0 0.079478 0.967478 0.076522 0.064348
0 0.036261 0.933565 0.072522 0.090435
0 0.105565 0.801391 0.093913 0.090435
0 0.042348 0.724870 0.084696 0.104348
0 0.280348 0.760522 0.088696 0.064348
0 0.233391 0.712696 0.095652 0.073043
0 0.169913 0.657913 0.100870 0.078261
0 0.116870 0.605739 0.095652 0.074783
0 0.062956 0.570957 0.099130 0.071304
0 0.024957 0.517913 0.049913 0.083478
0 0.341217 0.602261 0.113043 0.092174
0 0.288174 0.550957 0.090435 0.090435
0 0.223826 0.502261 0.073043 0.076522
0 0.173391 0.437913 0.097391 0.097391
0 0.099478 0.386609 0.116522 0.095652
0 0.044957 0.336174 0.089913 0.099130
0 0.035130 0.128348 0.067826 0.104348
0 0.082087 0.184870 0.113043 0.099130
0 0.155130 0.244000 0.092174 0.074783
0 0.222087 0.298783 0.104348 0.086957
0 0.287304 0.348348 0.095652 0.078261
0 0.349913 0.390087 0.088696 0.071304
0 0.418609 0.440522 0.086957 0.071304
0 0.489043 0.502261 0.106087 0.104348
0 0.147304 0.035478 0.107826 0.070956
0 0.233391 0.084870 0.106087 0.076522
0 0.298609 0.137043 0.073043 0.069565
0 0.356000 0.190957 0.073043 0.083478
0 0.429043 0.253565 0.100870 0.086957
0 0.492522 0.298783 0.085217 0.059130
0 0.586435 0.369217 0.078261 0.074783
0 0.369913 0.025913 0.086957 0.051826
0 0.439478 0.064870 0.114783 0.074783
0 0.491652 0.124000 0.086957 0.085217
0 0.559478 0.159652 0.104348 0.059130
0 0.633391 0.217913 0.109565 0.092174
0 0.835130 0.151826 0.095652 0.071304
0 0.754261 0.087478 0.132174 0.095652
0 0.679478 0.038957 0.114783 0.077913
0 0.892522 0.025043 0.092174 0.050086
0 0.572522 0.018957 0.099130 0.037913