0 0.501217 0.843130 0.092174 0.086957
0 0.561217 0.901391 0.104348 0.074783
0 0.630783 0.943130 0.090435 0.060870
0 0.721217 0.971826 0.149565 0.055652
0 0.652522 0.716174 0.099130 0.093913
0 0.716870 0.772696 0.116522 0.092174
0 0.902956 0.953565 0.095652 0.081739
0 0.948435 0.942435 0.103130 0.115130
0 0.722956 0.592696 0.083478 0.093913
0 0.770783 0.637913 0.123478 0.083478
0 0.851652 0.700522 0.121739 0.086957
0 0.920348 0.758783 0.085217 0.088696
0 0.965826 0.810957 0.068348 0.088696
0 0.907304 0.540522 0.104348 0.090435
0 0.953652 0.604870 0.092696 0.128696
0 0.956261 0.357913 0.087478 0.086957
0 0.961478 0.483130 0.077044 0.076522