0 0.227304 0.973739 0.142609 0.052522
0 0.127304 0.944000 0.092174 0.069565
0 0.074261 0.896174 0.086957 0.092174
0 0.033652 0.832696 0.067304 0.111304
0 0.382087 0.917913 0.111304 0.100870
0 0.499478 0.978957 0.085217 0.042086
0 0.285565 0.856174 0.095652 0.074783
0 0.266435 0.819652 0.102609 0.095652
0 0.198609 0.786609 0.102609 0.085217
0 0.166435 0.736174 0.107826 0.095652
0 0.103826 0.685739 0.100870 0.095652
0 0.044957 0.619652 0.089913 0.099130
0 0.566435 0.846609 0.104348 0.090435
0 0.686435 0.928348 0.093913 0.073043
0 0.751652 0.965043 0.109565 0.069913
0 0.463826 0.762261 0.104348 0.095652
0 0.376870 0.711826 0.111304 0.092174
0 0.314261 0.671826 0.093913 0.102609
0 0.269913 0.604000 0.099130 0.095652
0 0.204696 0.564870 0.104348 0.073043
0 0.123826 0.514435 0.102609 0.080000
0 0.056000 0.457913 0.106087 0.106087
0 0.070783 0.247478 0.080000 0.067826
0 0.111652 0.293565 0.085217 0.069565
0 0.201217 0.378783 0.111304 0.066087
0 0.291652 0.409217 0.128696 0.088696
0 0.439478 0.532696 0.080000 0.081739
0 0.494261 0.581391 0.095652 0.099130
0 0.581217 0.663130 0.120000 0.116522
0 0.733391 0.760522 0.080000 0.095652
0 0.782087 0.806609 0.086957 0.080000
0 0.859478 0.856174 0.095652 0.095652
0 0.919478 0.904870 0.083478 0.095652
0 0.967565 0.953565 0.064870 0.074783
0 0.964696 0.735304 0.069565 0.111304
0 0.911652 0.704870 0.085217 0.092174
0 0.860348 0.643130 0.086957 0.107826
0 0.958870 0.570087 0.082260 0.104348
0 0.745565 0.582261 0.100870 0.086957
0 0.689043 0.529217 0.099130 0.092174
0 0.640348 0.489217 0.085217 0.088696
0 0.597739 0.446609 0.086957 0.090435
0 0.544696 0.405739 0.102609 0.095652
0 0.464696 0.351826 0.109565 0.095652
0 0.301217 0.255304 0.092174 0.083478
0 0.236000 0.191826 0.118261 0.099130
0 0.287304 0.029391 0.140870 0.058782
0 0.353391 0.077043 0.085217 0.067826
0 0.411652 0.125739 0.104348 0.102609
0 0.482956 0.023304 0.128696 0.046608
0 0.524696 0.192696 0.076522 0.086957
0 0.579478 0.253565 0.102609 0.107826
0 0.636870 0.319652 0.116522 0.111304
0 0.717739 0.341391 0.093913 0.078261
0 0.789043 0.384870 0.090435 0.106087
0 0.959739 0.364000 0.080522 0.120000
0 0.866435 0.290087 0.092174 0.083478
0 0.803826 0.230957 0.102609 0.093913
0 0.701217 0.151826 0.092174 0.085217
0 0.746435 0.182261 0.074783 0.076522
0 0.962348 0.157043 0.075304 0.095652
0 0.909913 0.108348 0.085217 0.085217
0 0.849043 0.046783 0.099130 0.093565