0 0.096000 0.648348 0.126957 0.104348
0 0.202087 0.711826 0.137391 0.116522
0 0.294261 0.777043 0.102609 0.090435
0 0.355130 0.840522 0.085217 0.099130
0 0.428174 0.906609 0.106087 0.099130
0 0.498609 0.956348 0.104348 0.087304
0 0.225565 0.966783 0.069565 0.066434
0 0.161217 0.914435 0.086957 0.111304
0 0.100348 0.848348 0.107826 0.090435
0 0.046696 0.800522 0.093391 0.081739
0 0.702956 0.957043 0.085217 0.081739
0 0.751652 0.936174 0.099130 0.113043
0 0.646435 0.886609 0.086957 0.083478
0 0.595130 0.825739 0.081739 0.086957
0 0.515130 0.746609 0.099130 0.092174
0 0.376000 0.671826 0.085217 0.081739
0 0.296870 0.609217 0.104348 0.078261
0 0.193391 0.548348 0.095652 0.088696
0 0.150783 0.490957 0.086957 0.088696
0 0.064696 0.416174 0.092174 0.081739
0 0.968435 0.944870 0.063130 0.109565
0 0.908174 0.886609 0.074783 0.080000
0 0.765565 0.768348 0.099130 0.114783
0 0.691652 0.714435 0.090435 0.083478
0 0.602956 0.634435 0.083478 0.097391
0 0.541217 0.582261 0.102609 0.104348
0 0.472522 0.544000 0.097391 0.090435
0 0.399478 0.482261 0.086957 0.081739
0 0.332522 0.428348 0.109565 0.109565
0 0.206435 0.312696 0.114783 0.097391
0 0.261217 0.361391 0.095652 0.073043
0 0.144696 0.252696 0.092174 0.081739
0 0.071652 0.188348 0.088696 0.092174
0 0.167304 0.110957 0.095652 0.090435
0 0.049043 0.037217 0.088696 0.074434
0 0.301217 0.197043 0.088696 0.074783
0 0.339478 0.240522 0.085217 0.092174
0 0.408174 0.296174 0.111304 0.092174
0 0.470783 0.349217 0.114783 0.107826
0 0.553391 0.376174 0.092174 0.081739
0 0.616000 0.430087 0.092174 0.085217
0 0.691652 0.497043 0.132174 0.100870
0 0.796870 0.559652 0.120000 0.097391
0 0.849043 0.608348 0.099130 0.097391
0 0.918609 0.674435 0.081739 0.100870
0 0.357739 0.030261 0.100870 0.060522
0 0.416000 0.071826 0.067826 0.078261
0 0.474261 0.120522 0.086957 0.081739
0 0.571652 0.184000 0.104348 0.086957
0 0.627304 0.230087 0.080000 0.071304
0 0.685565 0.280522 0.078261 0.067826
0 0.736870 0.311826 0.083478 0.074783
0 0.806435 0.375304 0.097391 0.080000
0 0.862087 0.416174 0.055652 0.081739
0 0.898609 0.443130 0.093913 0.080000
0 0.958609 0.494435 0.081739 0.078261
0 0.959739 0.300522 0.080522 0.125217
0 0.862956 0.227478 0.092174 0.107826
0 0.776000 0.157043 0.102609 0.109565
0 0.719478 0.097043 0.104348 0.100870
0 0.661217 0.051826 0.095652 0.093913
0 0.576000 0.033739 0.116522 0.067478