0 0.442087 0.881391 0.113043 0.107826
0 0.360348 0.835304 0.092174 0.102609
0 0.296870 0.762261 0.107826 0.123478
0 0.229913 0.719652 0.109565 0.100870
0 0.169043 0.675304 0.092174 0.106087
0 0.119478 0.643130 0.086957 0.100870
0 0.068174 0.578783 0.085217 0.118261
0 0.102956 0.807478 0.085217 0.078261
0 0.142087 0.846609 0.062609 0.086957
0 0.196870 0.902261 0.078261 0.069565
0 0.038870 0.972000 0.077739 0.056000
0 0.321217 0.973739 0.107826 0.052522
0 0.578609 0.774435 0.066087 0.074783
0 0.629913 0.818783 0.106087 0.069565
0 0.698609 0.857913 0.093913 0.057391
0 0.759478 0.898783 0.073043 0.073043
0 0.800348 0.940522 0.074783 0.045217
0 0.852522 0.972000 0.081739 0.056000
0 0.516870 0.714435 0.064348 0.083478
0 0.464696 0.677913 0.092174 0.069565
0 0.240348 0.510087 0.064348 0.088696
0 0.126435 0.420522 0.066087 0.069565
0 0.046435 0.375304 0.090435 0.076522
0 0.358609 0.043130 0.088696 0.076522
0 0.434261 0.110957 0.090435 0.086957
0 0.524696 0.186609 0.111304 0.109565
0 0.595130 0.234435 0.088696 0.097391
0 0.651652 0.281391 0.090435 0.080000
0 0.724696 0.322261 0.100870 0.078261
0 0.782087 0.363130 0.080000 0.090435
0 0.826435 0.184870 0.085217 0.126957
0 0.946435 0.296174 0.071304 0.085217
0 0.973652 0.114435 0.052696 0.080000
0 0.933391 0.081391 0.066087 0.069565
0 0.867304 0.036174 0.055652 0.062609
0 0.718609 0.097913 0.088696 0.085217
0 0.641217 0.054435 0.059130 0.067826
0 0.604696 0.030261 0.083478 0.060522