0 0.571652 0.790087 0.090435 0.057391
0 0.637739 0.847478 0.104348 0.092174
0 0.689043 0.907478 0.074783 0.093913
0 0.737739 0.955304 0.092174 0.074783
0 0.482087 0.709217 0.085217 0.066087
0 0.354261 0.600522 0.083478 0.088696
0 0.196000 0.502261 0.086957 0.090435
0 0.093391 0.418783 0.076522 0.062609
0 0.042087 0.370957 0.081739 0.102609
0 0.059478 0.201391 0.057391 0.066087
0 0.122956 0.250957 0.114783 0.088696
0 0.190783 0.300522 0.083478 0.066087
0 0.243826 0.349217 0.081739 0.069565
0 0.358609 0.424870 0.074783 0.074783
0 0.409043 0.475304 0.102609 0.088696
0 0.645565 0.651826 0.067826 0.073043
0 0.701217 0.711826 0.095652 0.092174
0 0.796000 0.763130 0.121739 0.073043
0 0.844696 0.809217 0.066087 0.078261
0 0.896870 0.857043 0.090435 0.073043
0 0.960348 0.914435 0.078261 0.069565
0 0.811652 0.576174 0.090435 0.095652
0 0.880348 0.641391 0.088696 0.080000
0 0.951913 0.691826 0.096174 0.080000
0 0.705565 0.487478 0.062609 0.085217
0 0.566435 0.384000 0.076522 0.062609
0 0.514261 0.344870 0.066087 0.071304
0 0.402087 0.263130 0.081739 0.074783
0 0.362956 0.222261 0.086957 0.076522
0 0.280348 0.151826 0.078261 0.081739
0 0.238609 0.114435 0.064348 0.066087
0 0.196000 0.072696 0.073043 0.055652
0 0.143826 0.037043 0.080000 0.064348
0 0.500348 0.123130 0.083478 0.076522
0 0.547304 0.170957 0.076522 0.071304
0 0.600348 0.225739 0.088696 0.080000
0 0.680348 0.284000 0.095652 0.085217
0 0.801217 0.365739 0.121739 0.085217
0 0.947304 0.448348 0.073043 0.059130
0 0.971913 0.508348 0.056174 0.106087
0 0.963217 0.310087 0.073565 0.081739
0 0.899478 0.246609 0.078261 0.090435
0 0.794261 0.168348 0.083478 0.090435
0 0.735130 0.107478 0.097391 0.080000
0 0.951652 0.085739 0.085217 0.060870
0 0.972783 0.127478 0.054434 0.078261
0 0.845565 0.026783 0.092174 0.053565
0 0.073391 0.610087 0.074783 0.069565
0 0.025826 0.557913 0.051652 0.076522
0 0.142087 0.662261 0.104348 0.076522
0 0.234261 0.714435 0.121739 0.083478
0 0.323826 0.789217 0.099130 0.104348
0 0.408174 0.862261 0.121739 0.073043
0 0.474261 0.924870 0.097391 0.090435
0 0.526435 0.962435 0.083478 0.075130