0 0.449913 0.686609 0.090435 0.086957
0 0.491652 0.710957 0.073043 0.048696
0 0.538609 0.749217 0.055652 0.076522
0 0.623826 0.787478 0.073043 0.104348
0 0.683826 0.842261 0.099130 0.092174
0 0.898609 0.828348 0.080000 0.109565
0 0.962348 0.879652 0.075304 0.111304
0 0.647304 0.973739 0.109565 0.052522
0 0.562087 0.946609 0.085217 0.074783
0 0.505565 0.902261 0.090435 0.083478
0 0.466435 0.863130 0.081739 0.092174
0 0.429043 0.824000 0.080000 0.097391
0 0.358609 0.777913 0.109565 0.126957
0 0.241217 0.702261 0.093913 0.121739
0 0.173391 0.641391 0.083478 0.118261
0 0.113391 0.601391 0.064348 0.104348
0 0.072522 0.554435 0.076522 0.097391
0 0.030174 0.529217 0.060348 0.106087
0 0.018870 0.714435 0.037739 0.086957
0 0.045565 0.743130 0.050435 0.081739
0 0.086435 0.793565 0.059130 0.081739
0 0.141217 0.829217 0.088696 0.076522
0 0.199478 0.873565 0.073043 0.074783
0 0.265565 0.910957 0.086957 0.086957
0 0.318609 0.959652 0.071304 0.080000
0 0.048435 0.973739 0.096870 0.052522
0 0.253391 0.533565 0.086957 0.069565
0 0.188174 0.471826 0.085217 0.081739
0 0.150783 0.447478 0.086957 0.088696
0 0.102956 0.395304 0.081739 0.085217
0 0.024957 0.353565 0.049913 0.057391
0 0.554261 0.559652 0.059130 0.069565
0 0.509913 0.526609 0.074783 0.073043
0 0.464696 0.498783 0.095652 0.083478
0 0.404696 0.437913 0.114783 0.100870
0 0.238609 0.311826 0.092174 0.113043
0 0.166435 0.257913 0.069565 0.074783
0 0.116870 0.226609 0.071304 0.067826
0 0.036261 0.120522 0.072522 0.064348
0 0.102956 0.027652 0.081739 0.055304
0 0.177739 0.079652 0.102609 0.086957
0 0.267304 0.150957 0.111304 0.083478
0 0.337739 0.184870 0.085217 0.057391
0 0.392522 0.234435 0.093913 0.083478
0 0.481217 0.305739 0.097391 0.093913
0 0.552522 0.351826 0.097391 0.078261
0 0.616000 0.404870 0.092174 0.080000
0 0.680348 0.456174 0.088696 0.085217
0 0.735130 0.512696 0.080000 0.083478
0 0.789913 0.557043 0.092174 0.064348
0 0.860348 0.597043 0.107826 0.085217
0 0.944957 0.651826 0.110086 0.083478
0 0.963826 0.440522 0.067826 0.085217
0 0.858609 0.370087 0.066087 0.097391
0 0.801217 0.345739 0.073043 0.090435
0 0.736870 0.292696 0.083478 0.081739
0 0.924696 0.207478 0.069565 0.106087
0 0.875130 0.164870 0.053913 0.097391
0 0.836870 0.141391 0.067826 0.088696
0 0.782956 0.120522 0.060870 0.078261
0 0.728174 0.064000 0.066087 0.086957
0 0.656870 0.042261 0.086957 0.081739
0 0.482956 0.099652 0.080000 0.085217
0 0.542087 0.133565 0.069565 0.059130
0 0.437739 0.053565 0.069565 0.076522
0 0.396000 0.044174 0.107826 0.088348
0 0.923826 0.037217 0.113043 0.074434
0 0.970174 0.070087 0.059652 0.074783