0 0.142956 0.975478 0.092174 0.049043
0 0.054261 0.942261 0.064348 0.086957
0 0.125565 0.793565 0.106087 0.099130
0 0.197739 0.843130 0.104348 0.086957
0 0.336870 0.943130 0.146087 0.099130
0 0.661217 0.962435 0.144348 0.075130
0 0.444696 0.843130 0.097391 0.104348
0 0.377739 0.777913 0.092174 0.102609
0 0.281217 0.718783 0.086957 0.092174
0 0.249913 0.660522 0.083478 0.114783
0 0.184696 0.614435 0.123478 0.106087
0 0.862087 0.916174 0.069565 0.083478
0 0.806435 0.894435 0.097391 0.085217
0 0.729913 0.823130 0.083478 0.095652
0 0.675130 0.790087 0.088696 0.081739
0 0.598609 0.714435 0.081739 0.097391
0 0.559478 0.684870 0.073043 0.062609
0 0.473391 0.629217 0.095652 0.086957
0 0.340348 0.544000 0.097391 0.090435
0 0.185565 0.413565 0.080000 0.080000
0 0.112522 0.364870 0.080000 0.080000
0 0.061217 0.320522 0.085217 0.071304
0 0.022348 0.279652 0.044696 0.048696
0 0.089913 0.143130 0.083478 0.071304
0 0.036261 0.087478 0.072522 0.085217
0 0.210783 0.230957 0.060870 0.062609
0 0.253391 0.265739 0.076522 0.073043
0 0.302956 0.307478 0.085217 0.076522
0 0.362956 0.358783 0.080000 0.085217
0 0.465565 0.423130 0.069565 0.074783
0 0.516870 0.460522 0.085217 0.076522
0 0.681217 0.575304 0.083478 0.083478
0 0.782087 0.655304 0.076522 0.086957
0 0.816870 0.692696 0.090435 0.081739
0 0.869913 0.749217 0.057391 0.076522
0 0.921217 0.801391 0.083478 0.090435
0 0.969304 0.808348 0.061391 0.062609
0 0.955130 0.599652 0.074783 0.093913
0 0.881217 0.539652 0.090435 0.102609
0 0.802087 0.469217 0.081739 0.090435
0 0.682956 0.377043 0.083478 0.097391
0 0.609043 0.323130 0.088696 0.086957
0 0.541217 0.276174 0.085217 0.080000
0 0.470783 0.224870 0.080000 0.074783
0 0.301217 0.105739 0.102609 0.086957
0 0.533391 0.064870 0.107826 0.092174
0 0.608174 0.136174 0.100870 0.095652
0 0.670783 0.184000 0.073043 0.062609
0 0.708174 0.196174 0.067826 0.034783
0 0.753391 0.234435 0.064348 0.076522
0 0.838609 0.297043 0.078261 0.083478
0 0.886435 0.345739 0.080000 0.083478
0 0.973391 0.408348 0.048696 0.069565
0 0.906435 0.150957 0.102609 0.083478
0 0.847304 0.091826 0.067826 0.086957
0 0.777739 0.050087 0.099130 0.076522
0 0.702087 0.018957 0.111304 0.037913
0 0.983217 0.229217 0.033565 0.080000