0 0.062956 0.882261 0.113043 0.106087
0 0.149043 0.934435 0.125217 0.088696
0 0.225565 0.972000 0.090435 0.056000
0 0.193391 0.769217 0.078261 0.109565
0 0.055130 0.662261 0.097391 0.080000
0 0.358609 0.884870 0.074783 0.090435
0 0.421217 0.947478 0.095652 0.086957
0 0.623826 0.890087 0.080000 0.090435
0 0.563826 0.852696 0.081739 0.092174
0 0.504696 0.806609 0.092174 0.086957
0 0.465565 0.781391 0.062609 0.067826
0 0.429913 0.752696 0.081739 0.080000
0 0.354261 0.698783 0.097391 0.083478
0 0.256000 0.614435 0.081739 0.074783
0 0.096000 0.490087 0.071304 0.059130
0 0.768174 0.978957 0.107826 0.042086
0 0.916000 0.902261 0.066087 0.069565
0 0.946435 0.937913 0.046957 0.057391
0 0.979739 0.965739 0.040522 0.064348
0 0.859478 0.870087 0.071304 0.078261
0 0.806435 0.840522 0.055652 0.060870
0 0.767304 0.804000 0.078261 0.081739
0 0.722087 0.772696 0.060870 0.074783
0 0.669043 0.726609 0.080000 0.090435
0 0.629913 0.683130 0.067826 0.080000
0 0.545565 0.641391 0.062609 0.073043
0 0.449913 0.555304 0.086957 0.064348
0 0.329913 0.491826 0.073043 0.083478
0 0.242956 0.407478 0.055652 0.053913
0 0.181217 0.377913 0.074783 0.060870
0 0.134261 0.329217 0.064348 0.071304
0 0.070783 0.281391 0.080000 0.059130
0 0.036261 0.245739 0.072522 0.064348
0 0.684696 0.542261 0.080000 0.066087
0 0.736000 0.581391 0.085217 0.067826
0 0.800348 0.622261 0.095652 0.052174
0 0.929043 0.728348 0.060870 0.055652
0 0.966696 0.757913 0.066608 0.086957
0 0.560348 0.444870 0.074783 0.073043
0 0.516000 0.389217 0.080000 0.080000
0 0.445565 0.360522 0.078261 0.074783
0 0.358609 0.284000 0.050435 0.067826
0 0.308174 0.237913 0.078261 0.076522
0 0.214261 0.177043 0.074783 0.066087
0 0.152522 0.118783 0.069565 0.074783
0 0.081217 0.086609 0.073043 0.093913
0 0.062956 0.050957 0.071304 0.074783
0 0.352522 0.077913 0.086957 0.062609
0 0.402087 0.123130 0.064348 0.069565
0 0.477739 0.157913 0.073043 0.069565
0 0.521217 0.203130 0.083478 0.076522
0 0.623826 0.264000 0.073043 0.073043
0 0.671652 0.319652 0.099130 0.086957
0 0.779478 0.401391 0.067826 0.076522
0 0.830783 0.445739 0.076522 0.071304
0 0.884696 0.492696 0.076522 0.081739
0 0.943826 0.526609 0.080000 0.055652
0 0.942956 0.333565 0.050435 0.073043
0 0.967304 0.373565 0.053913 0.073043
0 0.848174 0.282261 0.097391 0.085217
0 0.727304 0.158783 0.060870 0.060870
0 0.766435 0.196174 0.052174 0.059130
0 0.648174 0.095304 0.059130 0.066087
0 0.596870 0.054435 0.074783 0.053913
0 0.522956 0.030261 0.114783 0.060522
0 0.911652 0.120522 0.071304 0.074783
0 0.958609 0.157043 0.081739 0.064348
0 0.847304 0.075304 0.085217 0.081739
0 0.779478 0.026783 0.116522 0.053565