0 0.241217 0.944870 0.069565 0.078261
0 0.174261 0.940522 0.088696 0.048696
0 0.120348 0.871826 0.074783 0.057391
0 0.062087 0.835304 0.080000 0.064348
0 0.031913 0.785739 0.063826 0.080000
0 0.062087 0.628348 0.080000 0.057391
0 0.105565 0.664870 0.059130 0.057391
0 0.179478 0.703130 0.060870 0.060870
0 0.218609 0.741391 0.059130 0.057391
0 0.266435 0.787478 0.053913 0.097391
0 0.349043 0.843130 0.073043 0.069565
0 0.388174 0.877913 0.078261 0.062609
0 0.454261 0.922261 0.085217 0.067826
0 0.552522 0.978087 0.090435 0.043826
0 0.018870 0.385739 0.037739 0.083478
0 0.051652 0.421391 0.062609 0.053913
0 0.098609 0.462261 0.073043 0.059130
0 0.177739 0.501391 0.092174 0.078261
0 0.207304 0.542261 0.078261 0.059130
0 0.262956 0.585739 0.071304 0.086957
0 0.331652 0.629217 0.128696 0.055652
0 0.402956 0.669217 0.086957 0.062609
0 0.447304 0.720522 0.064348 0.074783
0 0.493391 0.764870 0.069565 0.073043
0 0.620348 0.846609 0.097391 0.069565
0 0.685565 0.892696 0.085217 0.064348
0 0.804696 0.978957 0.086957 0.042086
0 0.845565 0.813565 0.078261 0.080000
0 0.891652 0.869217 0.080000 0.066087
0 0.954261 0.910087 0.090435 0.067826
0 0.701217 0.717913 0.067826 0.069565
0 0.642956 0.673565 0.076522 0.057391
0 0.588174 0.637913 0.064348 0.066087
0 0.534261 0.586609 0.067826 0.081739
0 0.487304 0.549217 0.071304 0.080000
0 0.432522 0.510957 0.080000 0.062609
0 0.371652 0.455304 0.083478 0.080000
0 0.269043 0.396174 0.093913 0.083478
0 0.189043 0.314435 0.086957 0.076522
0 0.140348 0.274435 0.076522 0.076522
0 0.072522 0.231826 0.076522 0.064348
0 0.038000 0.189217 0.076000 0.062609
0 0.069304 0.025913 0.138608 0.051826
0 0.137739 0.100522 0.133913 0.069565
0 0.242087 0.158783 0.120000 0.102609
0 0.586435 0.424000 0.092174 0.107826
0 0.473391 0.308348 0.071304 0.081739
0 0.807304 0.599652 0.123478 0.090435
0 0.876000 0.654435 0.104348 0.102609
0 0.987565 0.704000 0.024870 0.090435
0 0.547304 0.194435 0.097391 0.076522
0 0.678609 0.300522 0.092174 0.090435
0 0.787304 0.376174 0.080000 0.085217
0 0.836870 0.425739 0.095652 0.090435
0 0.963217 0.543130 0.073565 0.102609
0 0.441217 0.109217 0.086957 0.083478
0 0.383826 0.062261 0.093913 0.080000
0 0.325565 0.028522 0.085217 0.057043
0 0.636870 0.050957 0.088696 0.074783
0 0.691652 0.098783 0.083478 0.083478
0 0.753391 0.157043 0.102609 0.085217
0 0.830783 0.210957 0.090435 0.092174
0 0.883826 0.270087 0.074783 0.102609
0 0.983217 0.332696 0.033565 0.095652
0 0.944696 0.065739 0.071304 0.080000
0 0.972783 0.119652 0.054434 0.097391