0 0.183826 0.284870 0.080000 0.059130
0 0.146435 0.235304 0.071304 0.057391
0 0.298609 0.181391 0.090435 0.074783
0 0.369043 0.216174 0.120000 0.088696
0 0.448174 0.271826 0.090435 0.078261
0 0.422087 0.034435 0.062609 0.038261
0 0.470783 0.070087 0.073043 0.067826
0 0.707304 0.073565 0.086957 0.088696
0 0.182956 0.053565 0.130435 0.055652
0 0.128174 0.028522 0.104348 0.057043
0 0.364696 0.017217 0.090435 0.034434
0 0.099478 0.200522 0.081739 0.074783
0 0.331652 0.405739 0.093913 0.078261
0 0.394261 0.445739 0.076522 0.092174
0 0.451652 0.484000 0.080000 0.071304
0 0.141217 0.630957 0.116522 0.073043
0 0.327304 0.605739 0.067826 0.078261
0 0.271652 0.553565 0.095652 0.095652
0 0.152522 0.463130 0.093913 0.085217
0 0.092522 0.410957 0.088696 0.095652
0 0.044957 0.350957 0.089913 0.086957
0 0.073391 0.577913 0.085217 0.085217
0 0.028435 0.545739 0.056870 0.052174
0 0.125565 0.844000 0.074783 0.078261
0 0.159478 0.891826 0.059130 0.066087
0 0.043826 0.772696 0.071304 0.095652
0 0.027565 0.968522 0.055130 0.062956
0 0.069043 0.979826 0.069565 0.040348