0 0.196000 0.101391 0.086957 0.074783
0 0.156000 0.048522 0.090435 0.097043
0 0.388174 0.220522 0.071304 0.090435
0 0.455130 0.279652 0.107826 0.076522
0 0.513391 0.330957 0.088696 0.092174
0 0.595130 0.390087 0.106087 0.088696
0 0.662087 0.443130 0.086957 0.086957
0 0.684696 0.273565 0.118261 0.074783
0 0.742956 0.319652 0.099130 0.080000
0 0.604696 0.202261 0.083478 0.081739
0 0.530783 0.150957 0.092174 0.073043
0 0.467304 0.088348 0.093913 0.086957
0 0.389913 0.032870 0.126957 0.065739
0 0.910783 0.287478 0.086957 0.099130
0 0.836870 0.200522 0.092174 0.113043
0 0.773391 0.157913 0.086957 0.097391
0 0.729913 0.104870 0.121739 0.092174
0 0.648174 0.046609 0.114783 0.090435
0 0.967565 0.162261 0.064870 0.081739
0 0.889043 0.042261 0.078261 0.081739
0 0.614261 0.622261 0.092174 0.080000
0 0.418609 0.474435 0.080000 0.086957
0 0.383826 0.418783 0.086957 0.090435
0 0.322956 0.366609 0.090435 0.073043
0 0.237739 0.324870 0.093913 0.086957
0 0.157739 0.239652 0.086957 0.073043
0 0.099478 0.195304 0.081739 0.078261
0 0.045826 0.140522 0.091652 0.093913
0 0.030174 0.334435 0.060348 0.088696
0 0.163826 0.459652 0.099130 0.092174
0 0.244696 0.518783 0.107826 0.088696
0 0.298609 0.572696 0.097391 0.095652
0 0.413391 0.671826 0.090435 0.102609
0 0.508174 0.749217 0.099130 0.076522
0 0.038000 0.545739 0.076000 0.107826
0 0.091652 0.590957 0.093913 0.093913
0 0.162956 0.657043 0.100870 0.076522
0 0.236000 0.710087 0.111304 0.085217
0 0.288174 0.760522 0.104348 0.088696
0 0.361217 0.817043 0.104348 0.086957
0 0.239478 0.921391 0.083478 0.059130
0 0.175130 0.871826 0.080000 0.064348
0 0.130783 0.822261 0.085217 0.090435
0 0.081217 0.778783 0.090435 0.062609
0 0.030174 0.740522 0.060348 0.100870