0 0.858609 0.882261 0.111304 0.113043
0 0.944957 0.955304 0.110086 0.088696
0 0.677739 0.733565 0.100870 0.100870
0 0.464696 0.582261 0.113043 0.111304
0 0.307304 0.459652 0.107826 0.088696
0 0.246435 0.421391 0.090435 0.071304
0 0.189913 0.365739 0.092174 0.081739
0 0.100348 0.320522 0.090435 0.092174
0 0.069043 0.269217 0.069565 0.080000
0 0.034522 0.224870 0.069043 0.099130
0 0.520348 0.408348 0.113043 0.111304
0 0.566435 0.455304 0.107826 0.107826
0 0.652522 0.512696 0.095652 0.083478
0 0.712522 0.562261 0.080000 0.109565
0 0.785565 0.622261 0.111304 0.107826
0 0.860348 0.676174 0.107826 0.083478
0 0.920348 0.724000 0.092174 0.081739
0 0.969304 0.762261 0.061391 0.071304
0 0.409043 0.724000 0.081739 0.092174
0 0.520348 0.819652 0.081739 0.095652
0 0.582087 0.876174 0.090435 0.080000
0 0.637739 0.926609 0.080000 0.100870
0 0.333391 0.680522 0.097391 0.092174
0 0.236870 0.604000 0.085217 0.095652
0 0.170783 0.551826 0.088696 0.092174
0 0.099478 0.509217 0.102609 0.090435
0 0.044087 0.456174 0.088174 0.126957
0 0.046696 0.646609 0.093391 0.086957
0 0.159478 0.733565 0.107826 0.083478
0 0.203826 0.788348 0.092174 0.081739
0 0.275130 0.835304 0.095652 0.074783
0 0.341217 0.891826 0.088696 0.083478
0 0.412522 0.937913 0.085217 0.057391
0 0.461217 0.972000 0.088696 0.056000
0 0.136000 0.934435 0.081739 0.071304
0 0.209043 0.968522 0.095652 0.062956
0 0.400348 0.343130 0.123478 0.078261
0 0.328174 0.283130 0.100870 0.097391
0 0.246435 0.212696 0.090435 0.099130
0 0.169913 0.150957 0.104348 0.080000
0 0.094261 0.085739 0.088696 0.088696
0 0.045826 0.051130 0.091652 0.102260
0 0.263826 0.041391 0.104348 0.062609
0 0.329043 0.073565 0.088696 0.081739
0 0.389043 0.124000 0.097391 0.074783
0 0.464696 0.196174 0.106087 0.111304
0 0.546435 0.260522 0.092174 0.076522
0 0.608174 0.313565 0.076522 0.067826
0 0.666435 0.356174 0.074783 0.076522
0 0.725565 0.406609 0.092174 0.086957
0 0.814261 0.432696 0.116522 0.097391
0 0.879478 0.481391 0.090435 0.093913
0 0.936870 0.555304 0.090435 0.085217
0 0.711652 0.170087 0.078261 0.080000
0 0.757739 0.212696 0.083478 0.085217
0 0.831652 0.270957 0.102609 0.080000
0 0.899478 0.325739 0.106087 0.095652
0 0.958870 0.384000 0.082260 0.104348
0 0.588174 0.063130 0.095652 0.085217
0 0.540348 0.028522 0.111304 0.057043
0 0.852522 0.088348 0.078261 0.083478
0 0.974522 0.192696 0.050956 0.125217
0 0.774261 0.040696 0.144348 0.081391