0 0.096870 0.970261 0.083478 0.059478
0 0.031043 0.926609 0.062086 0.080000
0 0.028435 0.728348 0.056870 0.111304
0 0.076870 0.770087 0.099130 0.083478
0 0.137739 0.826609 0.085217 0.071304
0 0.246435 0.884000 0.090435 0.088696
0 0.326435 0.951130 0.121739 0.097739
0 0.654261 0.967652 0.099130 0.064696
0 0.557739 0.924000 0.083478 0.085217
0 0.496000 0.895304 0.078261 0.083478
0 0.449913 0.848348 0.086957 0.069565
0 0.414261 0.802261 0.092174 0.088696
0 0.309913 0.742261 0.099130 0.093913
0 0.236870 0.709217 0.092174 0.080000
0 0.204696 0.651826 0.086957 0.080000
0 0.124696 0.600522 0.111304 0.092174
0 0.032783 0.507478 0.065565 0.107826
0 0.234261 0.483130 0.076522 0.093913
0 0.035391 0.321391 0.070782 0.090435
0 0.409043 0.611826 0.099130 0.097391
0 0.476870 0.659652 0.078261 0.081739
0 0.534261 0.704000 0.081739 0.090435
0 0.710783 0.805739 0.097391 0.085217
0 0.745565 0.870957 0.086957 0.097391
0 0.825565 0.913565 0.107826 0.088696
0 0.951652 0.829217 0.060870 0.090435
0 0.856870 0.744000 0.073043 0.107826
0 0.749913 0.658783 0.085217 0.107826
0 0.660348 0.594435 0.093913 0.100870
0 0.537739 0.495304 0.092174 0.100870
0 0.448174 0.421391 0.097391 0.092174
0 0.185565 0.254435 0.100870 0.099130
0 0.143826 0.182261 0.128696 0.097391
0 0.909913 0.092696 0.067826 0.113043
0 0.952522 0.289217 0.093913 0.106087
0 0.845565 0.216174 0.092174 0.081739
0 0.755130 0.144870 0.071304 0.074783
0 0.688174 0.092696 0.080000 0.067826
0 0.599478 0.046609 0.086957 0.069565