0 0.461217 0.448348 0.102609 0.104348
0 0.537739 0.490087 0.113043 0.080000
0 0.625565 0.552696 0.118261 0.090435
0 0.802087 0.685739 0.092174 0.085217
0 0.874261 0.731826 0.118261 0.090435
0 0.955391 0.790087 0.089217 0.088696
0 0.925565 0.572696 0.060870 0.088696
0 0.962348 0.624000 0.075304 0.083478
0 0.836870 0.520522 0.099130 0.081739
0 0.727304 0.237913 0.095652 0.076522
0 0.792522 0.291826 0.083478 0.080000
0 0.855130 0.349217 0.107826 0.104348
0 0.909043 0.404870 0.069565 0.080000
0 0.963217 0.453565 0.073565 0.083478
0 0.718609 0.450957 0.099130 0.078261
0 0.641217 0.391826 0.114783 0.102609
0 0.594261 0.332696 0.062609 0.085217
0 0.557739 0.305739 0.114783 0.100870
0 0.463826 0.241391 0.073043 0.069565
0 0.416000 0.186609 0.085217 0.071304
0 0.357739 0.145739 0.069565 0.080000
0 0.299478 0.121391 0.099130 0.066087
0 0.212522 0.059652 0.116522 0.085217
0 0.498609 0.078783 0.097391 0.074783
0 0.573391 0.137913 0.135652 0.120000
0 0.800348 0.067478 0.053913 0.059130
0 0.839478 0.116174 0.097391 0.097391
0 0.922087 0.177913 0.095652 0.085217
0 0.971043 0.219652 0.057913 0.046957
0 0.951043 0.026783 0.097913 0.053565
0 0.720348 0.033739 0.088696 0.067478
0 0.264696 0.257913 0.060870 0.071304
0 0.318609 0.304000 0.085217 0.080000
0 0.370783 0.352696 0.071304 0.107826
0 0.187304 0.227478 0.083478 0.083478
0 0.126435 0.166609 0.086957 0.093913
0 0.142087 0.364870 0.073043 0.086957
0 0.187304 0.433565 0.083478 0.085217
0 0.256870 0.489217 0.083478 0.088696
0 0.291652 0.530957 0.083478 0.074783
0 0.366435 0.563130 0.093913 0.107826
0 0.037130 0.334435 0.074260 0.102609
0 0.641217 0.744000 0.104348 0.090435
0 0.709913 0.800522 0.109565 0.088696
0 0.781217 0.865739 0.064348 0.080000
0 0.854261 0.913565 0.099130 0.078261
0 0.890783 0.948348 0.106087 0.046957
0 0.929913 0.968522 0.080000 0.062956
0 0.594261 0.916174 0.090435 0.097391
0 0.656870 0.965913 0.069565 0.068174
0 0.711652 0.970261 0.085217 0.059478
0 0.516000 0.853565 0.093913 0.111304
0 0.402087 0.779652 0.085217 0.092174
0 0.295130 0.691826 0.107826 0.080000
0 0.169043 0.614435 0.071304 0.078261
0 0.096870 0.564870 0.083478 0.090435
0 0.053391 0.519652 0.066087 0.073043
0 0.041478 0.727478 0.082956 0.085217
0 0.107304 0.771826 0.076522 0.083478
0 0.095130 0.951826 0.086957 0.078261