0 0.711652 0.785739 0.106087 0.083478
0 0.767304 0.837913 0.095652 0.080000
0 0.805565 0.681391 0.102609 0.107826
0 0.679478 0.571826 0.097391 0.090435
0 0.616000 0.517913 0.081739 0.076522
0 0.525565 0.436174 0.074783 0.097391
0 0.470783 0.386609 0.086957 0.085217
0 0.403826 0.344870 0.099130 0.074783
0 0.305565 0.297913 0.083478 0.085217
0 0.253391 0.246609 0.076522 0.073043
0 0.222956 0.193565 0.099130 0.088696
0 0.157739 0.162261 0.097391 0.085217
0 0.094261 0.118783 0.102609 0.099130
0 0.033652 0.244000 0.067304 0.113043
0 0.088174 0.298783 0.080000 0.066087
0 0.145565 0.353565 0.083478 0.095652
0 0.202087 0.413565 0.060870 0.076522
0 0.460348 0.610957 0.080000 0.074783
0 0.523826 0.660522 0.081739 0.093913
0 0.598609 0.710087 0.099130 0.067826
0 0.961478 0.597913 0.077044 0.125217
0 0.891652 0.537913 0.114783 0.106087
0 0.840348 0.490957 0.123478 0.106087
0 0.770783 0.436174 0.109565 0.100870
0 0.669043 0.348348 0.073043 0.088696
0 0.590783 0.284870 0.125217 0.076522
0 0.529043 0.239652 0.102609 0.090435
0 0.344696 0.103130 0.085217 0.095652
0 0.312522 0.059652 0.080000 0.078261
0 0.269043 0.019826 0.093913 0.039652
0 0.540348 0.048348 0.114783 0.080000
0 0.612522 0.085739 0.088696 0.074783
0 0.666435 0.135304 0.088696 0.073043
0 0.729913 0.190087 0.097391 0.088696
0 0.802087 0.260522 0.092174 0.090435
0 0.872522 0.312696 0.076522 0.083478
0 0.954261 0.149217 0.083478 0.093913
0 0.861217 0.084000 0.078261 0.092174
0 0.798609 0.033739 0.102609 0.067478
0 0.064696 0.698783 0.092174 0.093913
0 0.042348 0.627478 0.084696 0.118261
0 0.153391 0.758783 0.126957 0.071304
0 0.236000 0.813565 0.111304 0.100870
0 0.307304 0.887478 0.086957 0.106087
0 0.370783 0.926609 0.095652 0.066087
0 0.427304 0.963304 0.104348 0.073391
0 0.067304 0.906609 0.093913 0.106087
0 0.037130 0.849217 0.074260 0.088696
0 0.424696 0.766609 0.113043 0.121739
0 0.500348 0.832696 0.111304 0.086957
0 0.566435 0.882261 0.090435 0.088696
0 0.642087 0.951826 0.092174 0.085217