0 0.025826 0.833565 0.051652 0.078261
0 0.082956 0.917913 0.093913 0.055652
0 0.142087 0.959652 0.062609 0.059130
0 0.198609 0.965913 0.113043 0.068174
0 0.044696 0.697043 0.073043 0.076522
0 0.099478 0.734435 0.078261 0.067826
0 0.156870 0.783130 0.078261 0.078261
0 0.222087 0.828348 0.086957 0.064348
0 0.277739 0.870087 0.083478 0.060870
0 0.340348 0.902261 0.083478 0.069565
0 0.487304 0.981565 0.095652 0.036870
0 0.671652 0.965739 0.074783 0.060870
0 0.596870 0.895304 0.074783 0.090435
0 0.514261 0.832696 0.086957 0.083478
0 0.434261 0.780522 0.069565 0.080000
0 0.392522 0.741391 0.093913 0.071304
0 0.320348 0.685739 0.064348 0.067826
0 0.276000 0.642261 0.073043 0.071304
0 0.137739 0.558783 0.064348 0.053913
0 0.179478 0.592696 0.081739 0.073043
0 0.050783 0.517913 0.078261 0.073043
0 0.063826 0.465739 0.073043 0.066087
0 0.456000 0.594435 0.088696 0.080000
0 0.522087 0.643130 0.102609 0.080000
0 0.585565 0.685739 0.083478 0.074783
0 0.653391 0.748348 0.083478 0.085217
0 0.717739 0.799652 0.093913 0.080000
0 0.782087 0.843130 0.100870 0.090435
0 0.875130 0.904870 0.120000 0.095652
0 0.329043 0.481391 0.074783 0.073043
0 0.412522 0.543130 0.060870 0.046957
0 0.254261 0.422261 0.088696 0.083478
0 0.174261 0.329217 0.067826 0.060870
0 0.128174 0.357913 0.104348 0.073043
0 0.077739 0.273565 0.073043 0.088696
0 0.033652 0.205739 0.067304 0.113043
0 0.088174 0.097913 0.080000 0.078261
0 0.043217 0.045913 0.086434 0.091826
0 0.159478 0.156174 0.097391 0.076522
0 0.213391 0.197043 0.114783 0.085217
0 0.289043 0.230087 0.074783 0.057391
0 0.269913 0.297913 0.085217 0.085217
0 0.344696 0.276174 0.102609 0.093913
0 0.413391 0.343130 0.076522 0.092174
0 0.480348 0.398783 0.113043 0.074783
0 0.537739 0.437913 0.099130 0.100870
0 0.607304 0.505739 0.081739 0.073043
0 0.660348 0.549217 0.069565 0.083478
0 0.720348 0.604000 0.092174 0.081739
0 0.846435 0.668348 0.076522 0.071304
0 0.813391 0.711826 0.097391 0.081739
0 0.936870 0.773565 0.073043 0.086957
0 0.899478 0.712696 0.067826 0.066087
0 0.966435 0.604000 0.055652 0.095652
0 0.914261 0.537913 0.073043 0.092174
0 0.856000 0.500522 0.071304 0.083478
0 0.807304 0.470087 0.081739 0.081739
0 0.733391 0.425739 0.083478 0.076522
0 0.669913 0.358783 0.081739 0.074783
0 0.608174 0.297913 0.076522 0.064348
0 0.491652 0.203130 0.086957 0.073043
0 0.431652 0.160522 0.092174 0.074783
0 0.292522 0.059652 0.099130 0.074783
0 0.470783 0.030261 0.086957 0.060522
0 0.527304 0.058783 0.085217 0.069565
0 0.644696 0.120522 0.093913 0.078261
0 0.757739 0.255304 0.083478 0.076522
0 0.805565 0.217043 0.099130 0.104348
0 0.958870 0.401391 0.082260 0.125217
0 0.948174 0.177043 0.081739 0.093913
0 0.900348 0.131826 0.069565 0.093913
0 0.840348 0.078783 0.109565 0.102609
0 0.751652 0.033739 0.137391 0.067478