0 0.122956 0.901391 0.086957 0.099130
0 0.187304 0.954609 0.097391 0.090782
0 0.203826 0.775304 0.074783 0.086957
0 0.254261 0.819652 0.102609 0.109565
0 0.335130 0.870957 0.090435 0.100870
0 0.406435 0.929217 0.090435 0.092174
0 0.493391 0.961565 0.125217 0.076870
0 0.112522 0.699652 0.090435 0.113043
0 0.058870 0.637913 0.117739 0.097391
0 0.672522 0.929217 0.093913 0.099130
0 0.602087 0.877913 0.092174 0.125217
0 0.550783 0.837043 0.062609 0.074783
0 0.503826 0.793565 0.069565 0.088696
0 0.436000 0.746609 0.086957 0.109565
0 0.329043 0.676174 0.116522 0.104348
0 0.249913 0.615304 0.111304 0.097391
0 0.208174 0.571826 0.097391 0.080000
0 0.137739 0.530087 0.088696 0.090435
0 0.074261 0.491826 0.118261 0.097391
0 0.935130 0.926609 0.073043 0.073043
0 0.970174 0.956174 0.059652 0.062609
0 0.849043 0.868348 0.071304 0.085217
0 0.781217 0.800522 0.071304 0.113043
0 0.698609 0.729217 0.062609 0.106087
0 0.631652 0.685739 0.116522 0.120000
0 0.565565 0.637043 0.092174 0.095652
0 0.512522 0.582261 0.090435 0.107826
0 0.430783 0.537043 0.083478 0.104348
0 0.352522 0.467478 0.100870 0.083478
0 0.257739 0.403130 0.067826 0.055652
0 0.213391 0.364870 0.080000 0.073043
0 0.162087 0.333565 0.074783 0.066087
0 0.119478 0.276174 0.083478 0.069565
0 0.070783 0.253565 0.080000 0.052174
0 0.029304 0.216174 0.058608 0.067826
0 0.020609 0.376174 0.041217 0.092174
0 0.041478 0.032000 0.082956 0.064000
0 0.076000 0.081391 0.083478 0.073043
0 0.129043 0.118783 0.102609 0.064348
0 0.202087 0.161391 0.099130 0.073043
0 0.316000 0.240522 0.080000 0.081739
0 0.379478 0.296174 0.085217 0.071304
0 0.425565 0.346609 0.086957 0.085217
0 0.482956 0.390957 0.104348 0.076522
0 0.562087 0.436174 0.081739 0.073043
0 0.620348 0.482261 0.100870 0.074783
0 0.740348 0.574435 0.076522 0.057391
0 0.792522 0.609217 0.086957 0.078261
0 0.911652 0.706609 0.071304 0.078261
0 0.855130 0.477043 0.069565 0.078261
0 0.794261 0.421391 0.073043 0.071304
0 0.674261 0.338783 0.090435 0.083478
0 0.629043 0.290087 0.076522 0.090435
0 0.569043 0.239652 0.085217 0.090435
0 0.497739 0.195304 0.081739 0.067826
0 0.448174 0.153565 0.069565 0.064348
0 0.401217 0.094435 0.093913 0.078261
0 0.514261 0.026783 0.093913 0.053565
0 0.602956 0.103130 0.125217 0.099130
0 0.749043 0.174435 0.086957 0.099130
0 0.811652 0.225739 0.107826 0.080000
0 0.879478 0.281391 0.090435 0.086957
0 0.944957 0.328348 0.110086 0.090435
0 0.892522 0.077043 0.046957 0.088696
0 0.923826 0.102261 0.057391 0.083478
0 0.969304 0.137043 0.061391 0.107826
0 0.804696 0.030261 0.090435 0.060522