0 0.062087 0.805739 0.083478 0.074783
0 0.118609 0.849217 0.099130 0.081739
0 0.183826 0.890087 0.076522 0.052174
0 0.239478 0.930087 0.069565 0.069565
0 0.287304 0.790957 0.102609 0.083478
0 0.360348 0.846609 0.109565 0.107826
0 0.458609 0.911826 0.135652 0.092174
0 0.552522 0.959826 0.097391 0.080348
0 0.149043 0.678783 0.076522 0.071304
0 0.107304 0.646609 0.066087 0.066087
0 0.049913 0.598783 0.083478 0.088696
0 0.077739 0.404870 0.083478 0.090435
0 0.128174 0.464000 0.107826 0.097391
0 0.231652 0.547478 0.133913 0.104348
0 0.371652 0.623130 0.097391 0.106087
0 0.563826 0.780522 0.067826 0.076522
0 0.617739 0.829217 0.095652 0.104348
0 0.781217 0.935304 0.057391 0.059130
0 0.905565 0.815304 0.066087 0.069565
0 0.945565 0.867478 0.055652 0.066087
0 0.978000 0.909217 0.044000 0.062609
0 0.676870 0.680522 0.078261 0.088696
0 0.556000 0.577913 0.059130 0.064348
0 0.511652 0.541391 0.060870 0.074783
0 0.459478 0.487478 0.057391 0.071304
0 0.379478 0.428348 0.071304 0.064348
0 0.300348 0.357913 0.073043 0.066087
0 0.095130 0.229217 0.107826 0.086957
0 0.038870 0.180522 0.077739 0.104348
0 0.490783 0.326609 0.074783 0.076522
0 0.408174 0.268348 0.066087 0.081739
0 0.367304 0.234435 0.081739 0.069565
0 0.309913 0.184870 0.078261 0.074783
0 0.248174 0.151826 0.093913 0.057391
0 0.211652 0.103130 0.062609 0.071304
0 0.182087 0.072696 0.069565 0.066087
0 0.130783 0.047478 0.099130 0.081739
0 0.074261 0.023304 0.073043 0.046608
0 0.495130 0.121391 0.069565 0.059130
0 0.536000 0.159652 0.095652 0.073043
0 0.614261 0.212696 0.106087 0.067826
0 0.682087 0.272696 0.085217 0.080000
0 0.739478 0.310957 0.081739 0.069565
0 0.805565 0.363130 0.085217 0.080000
0 0.873391 0.417043 0.078261 0.083478
0 0.934261 0.450957 0.074783 0.081739
0 0.978870 0.509217 0.042260 0.076522
0 0.632522 0.424870 0.086957 0.095652
0 0.804696 0.551826 0.052174 0.064348
0 0.854261 0.590087 0.074783 0.071304
0 0.945565 0.655304 0.055652 0.062609
0 0.971913 0.700522 0.056174 0.083478
0 0.847304 0.196174 0.081739 0.066087
0 0.889913 0.229217 0.038261 0.045217
0 0.798609 0.139652 0.092174 0.081739
0 0.707304 0.108348 0.086957 0.071304
0 0.637739 0.045913 0.100870 0.091826
0 0.964696 0.080522 0.059130 0.040000
0 0.976261 0.109217 0.047478 0.052174
0 0.901217 0.045739 0.074783 0.067826
0 0.867304 0.025913 0.062609 0.051826