0 0.100348 0.975652 0.076522 0.048696
0 0.034522 0.947826 0.069043 0.066087
0 0.365565 0.975652 0.060870 0.048696
0 0.320348 0.959130 0.067826 0.067826
0 0.260348 0.922609 0.062609 0.067826
0 0.199478 0.884348 0.080000 0.064348
0 0.126435 0.827826 0.076522 0.076522
0 0.091652 0.779130 0.086957 0.059130
0 0.035391 0.752174 0.070782 0.088696
0 0.669043 0.978261 0.086957 0.043478
0 0.613391 0.953043 0.073043 0.059130
0 0.517739 0.901739 0.076522 0.071304
0 0.488174 0.865217 0.073043 0.071304
0 0.359478 0.790435 0.080000 0.071304
0 0.033652 0.516522 0.067304 0.076522
0 0.080348 0.582609 0.046957 0.104348
0 0.129913 0.598261 0.086957 0.048696
0 0.190783 0.636522 0.090435 0.069565
0 0.251652 0.673913 0.059130 0.060870
0 0.803826 0.900870 0.074783 0.104348
0 0.680348 0.829565 0.071304 0.059130
0 0.649913 0.776522 0.062609 0.071304
0 0.582087 0.734783 0.055652 0.067826
0 0.529043 0.703478 0.036522 0.057391
0 0.432522 0.646087 0.066087 0.067826
0 0.323826 0.560000 0.071304 0.041739
0 0.269913 0.519130 0.057391 0.043478
0 0.239478 0.474783 0.048696 0.059130
0 0.089043 0.349565 0.071304 0.066087
0 0.974522 0.876522 0.050956 0.069565
0 0.945565 0.824348 0.093913 0.083478
0 0.874261 0.766957 0.073043 0.073043
0 0.793391 0.706087 0.102609 0.069565
0 0.757739 0.652174 0.055652 0.048696
0 0.682087 0.607826 0.092174 0.071304
0 0.622087 0.561739 0.052174 0.069565
0 0.564696 0.543478 0.076522 0.064348
0 0.486435 0.486087 0.076522 0.064348
0 0.447304 0.455652 0.050435 0.055652
0 0.416000 0.419130 0.053913 0.059130
0 0.375130 0.379130 0.055652 0.055652
0 0.337739 0.345217 0.060870 0.064348
0 0.262956 0.306087 0.057391 0.062609
0 0.213391 0.259130 0.059130 0.062609
0 0.142956 0.203478 0.067826 0.066087
0 0.051652 0.131304 0.076522 0.067826
0 0.969304 0.630435 0.061391 0.095652
0 0.887304 0.596522 0.040000 0.069565
0 0.832522 0.550435 0.059130 0.064348
0 0.657739 0.406957 0.071304 0.062609
0 0.533391 0.326087 0.093913 0.060870
0 0.441217 0.242609 0.076522 0.060870
0 0.368174 0.191304 0.055652 0.055652
0 0.364696 0.131304 0.052174 0.060870
0 0.295130 0.126957 0.055652 0.048696
0 0.206435 0.053043 0.052174 0.053913
0 0.147304 0.022609 0.111304 0.045217
0 0.898609 0.394783 0.052174 0.073043
0 0.855130 0.364348 0.055652 0.057391
0 0.821217 0.311304 0.071304 0.080000
0 0.766435 0.313043 0.048696 0.059130
0 0.702087 0.242609 0.069565 0.071304
0 0.652522 0.184348 0.071304 0.069565
0 0.593391 0.161739 0.078261 0.052174
0 0.512522 0.101739 0.059130 0.078261
0 0.419478 0.033043 0.092174 0.066086
0 0.986696 0.248696 0.026608 0.100870
0 0.905565 0.173043 0.083478 0.081739
0 0.850783 0.157391 0.060870 0.046957
0 0.782087 0.100000 0.073043 0.053913
0 0.731652 0.047826 0.083478 0.074783
0 0.661217 0.018261 0.109565 0.036522