0 0.209913 0.977391 0.093913 0.045217
0 0.116000 0.936522 0.080000 0.067826
0 0.031913 0.880000 0.063826 0.086957
0 0.452522 0.979130 0.060870 0.041739
0 0.386435 0.926087 0.071304 0.074783
0 0.202956 0.833913 0.066087 0.067826
0 0.156870 0.786087 0.053913 0.062609
0 0.123826 0.741739 0.074783 0.067826
0 0.043217 0.715652 0.086434 0.064348
0 0.036261 0.487826 0.072522 0.074783
0 0.156000 0.570435 0.048696 0.062609
0 0.194261 0.604348 0.080000 0.064348
0 0.265565 0.670435 0.086957 0.095652
0 0.358609 0.728696 0.060870 0.066087
0 0.401217 0.760000 0.059130 0.052174
0 0.486435 0.812174 0.069565 0.086957
0 0.550783 0.857391 0.118261 0.093913
0 0.755130 0.825217 0.064348 0.067826
0 0.903826 0.941739 0.055652 0.053913
0 0.955391 0.971304 0.089217 0.057391
0 0.672522 0.780870 0.066087 0.062609
0 0.636000 0.745217 0.069565 0.053913
0 0.578609 0.698261 0.069565 0.060870
0 0.508174 0.645217 0.078261 0.073043
0 0.447304 0.580000 0.071304 0.071304
0 0.394261 0.532174 0.066087 0.055652
0 0.350783 0.562609 0.059130 0.057391
0 0.161217 0.420870 0.066087 0.062609
0 0.164696 0.370435 0.093913 0.059130
0 0.104696 0.352174 0.060870 0.053913
0 0.057739 0.297391 0.067826 0.076522
0 0.022348 0.250435 0.044696 0.090435
0 0.971043 0.799130 0.057913 0.064348
0 0.910783 0.763478 0.093913 0.090435
0 0.794261 0.683478 0.038261 0.048696
0 0.747304 0.629565 0.048696 0.062609
0 0.694261 0.588696 0.060870 0.050435
0 0.650783 0.566957 0.050435 0.041739
0 0.576000 0.526957 0.067826 0.066087
0 0.569043 0.472174 0.050435 0.060870
0 0.479478 0.421739 0.073043 0.085217
0 0.358609 0.325217 0.074783 0.069565
0 0.290783 0.276522 0.064348 0.073043
0 0.245565 0.221739 0.071304 0.074783
0 0.172522 0.188696 0.043478 0.046957
0 0.128174 0.152174 0.048696 0.064348
0 0.104696 0.105217 0.081739 0.060870
0 0.021478 0.060000 0.042956 0.040000
0 0.229913 0.027826 0.053913 0.034783
0 0.266435 0.050435 0.060870 0.041739
0 0.363826 0.131304 0.092174 0.071304
0 0.469913 0.208696 0.060870 0.062609
0 0.519478 0.253043 0.080000 0.081739
0 0.578609 0.293043 0.073043 0.053913
0 0.641217 0.334783 0.097391 0.081739