0 0.225565 0.780000 0.076522 0.099130
0 0.109913 0.717391 0.078261 0.074783
0 0.073391 0.659130 0.057391 0.066087
0 0.036000 0.617391 0.066087 0.069565
0 0.038000 0.823478 0.076000 0.071304
0 0.148174 0.926087 0.102609 0.088696
0 0.873391 0.358261 0.078261 0.069565
0 0.829043 0.311304 0.066087 0.059130
0 0.757739 0.260000 0.083478 0.067826
0 0.636870 0.180870 0.081739 0.076522
0 0.569913 0.107826 0.069565 0.083478
0 0.509913 0.070435 0.074783 0.067826
0 0.469043 0.033043 0.090435 0.066086
0 0.217739 0.037391 0.060870 0.060870
0 0.260348 0.078261 0.052174 0.059130
0 0.480348 0.245217 0.053913 0.086957
0 0.558609 0.320000 0.060870 0.086957
0 0.602956 0.346957 0.069565 0.053913
0 0.703826 0.433913 0.080000 0.092174
0 0.783826 0.492174 0.045217 0.059130
0 0.962087 0.201739 0.050435 0.062609
0 0.921217 0.177391 0.076522 0.069565
0 0.862087 0.115652 0.059130 0.071304
0 0.792522 0.089565 0.076522 0.074783
0 0.707304 0.026087 0.080000 0.052174
0 0.938609 0.022609 0.080000 0.045217