0 0.276870 0.825217 0.074783 0.064348
0 0.230783 0.774783 0.080000 0.071304
0 0.138609 0.726957 0.073043 0.066087
0 0.057739 0.666957 0.078261 0.078261
0 0.268174 0.913043 0.074783 0.059130
0 0.280348 0.450435 0.060870 0.066087
0 0.217739 0.402609 0.071304 0.074783
0 0.162956 0.352174 0.073043 0.053913
0 0.099478 0.322609 0.067826 0.064348
0 0.056870 0.267826 0.100870 0.069565
0 0.218609 0.209565 0.090435 0.074783
0 0.070783 0.081739 0.107826 0.086957
0 0.236870 0.032174 0.085217 0.053913
0 0.332522 0.084348 0.081739 0.060870
0 0.392522 0.134783 0.100870 0.088696
0 0.382956 0.326087 0.060870 0.064348
0 0.315130 0.266957 0.064348 0.071304
0 0.375130 0.525217 0.059130 0.069565
0 0.318609 0.487826 0.067826 0.074783