0 0.578000 0.891000 0.048000 0.062000
0 0.658000 0.951000 0.044000 0.062000
0 0.767000 0.819000 0.082000 0.050000
0 0.833000 0.869000 0.042000 0.046000
0 0.979000 0.968000 0.042000 0.064000
0 0.916000 0.685000 0.044000 0.054000
0 0.964000 0.722000 0.048000 0.068000
0 0.603000 0.702000 0.082000 0.084000
0 0.667000 0.438000 0.062000 0.060000
0 0.689000 0.403000 0.058000 0.062000
0 0.757000 0.357000 0.082000 0.074000
0 0.769000 0.237000 0.054000 0.042000
0 0.714000 0.229000 0.072000 0.070000
0 0.873000 0.343000 0.066000 0.062000
0 0.481000 0.154000 0.086000 0.072000
0 0.055000 0.092000 0.062000 0.056000
0 0.159000 0.287000 0.054000 0.042000
0 0.060000 0.387000 0.048000 0.042000
0 0.044000 0.428000 0.040000 0.060000
0 0.281000 0.078000 0.098000 0.052000
0 0.316000 0.036000 0.096000 0.072000
0 0.353000 0.627000 0.082000 0.070000