0 0.025000 0.944000 0.046000 0.068000
0 0.168000 0.978000 0.104000 0.044000
0 0.353000 0.894000 0.070000 0.044000
0 0.398000 0.822000 0.056000 0.060000
0 0.408000 0.786000 0.040000 0.036000
0 0.424000 0.869000 0.056000 0.042000
0 0.492000 0.840000 0.056000 0.040000
0 0.522000 0.688000 0.056000 0.044000
0 0.602000 0.713000 0.052000 0.042000
0 0.633000 0.665000 0.054000 0.046000
0 0.664000 0.636000 0.064000 0.056000
0 0.688000 0.603000 0.036000 0.034000
0 0.699000 0.580000 0.042000 0.040000
0 0.748000 0.526000 0.036000 0.036000
0 0.115000 0.047000 0.042000 0.042000
0 0.088000 0.079000 0.044000 0.034000
0 0.152000 0.112000 0.036000 0.024000
0 0.398000 0.252000 0.072000 0.060000
0 0.194000 0.238000 0.052000 0.044000
0 0.082000 0.414000 0.044000 0.040000
0 0.152000 0.438000 0.048000 0.044000
0 0.214000 0.404000 0.044000 0.032000
0 0.193000 0.506000 0.054000 0.048000
0 0.180000 0.584000 0.040000 0.044000
0 0.253000 0.599000 0.054000 0.054000
0 0.331000 0.629000 0.054000 0.046000
0 0.313000 0.644000 0.042000 0.036000
0 0.562000 0.498000 0.068000 0.040000
0 0.528000 0.561000 0.056000 0.034000
0 0.491000 0.584000 0.054000 0.036000
0 0.493000 0.617000 0.054000 0.046000
0 0.456000 0.662000 0.040000 0.036000
0 0.395000 0.702000 0.034000 0.032000
0 0.355000 0.766000 0.038000 0.024000
0 0.333000 0.809000 0.034000 0.026000
0 0.317000 0.832000 0.038000 0.024000
0 0.506000 0.989000 0.064000 0.022000
0 0.461000 0.932000 0.034000 0.024000
0 0.586000 0.933000 0.072000 0.062000
0 0.625000 0.840000 0.042000 0.036000
0 0.568000 0.778000 0.040000 0.028000
0 0.573000 0.750000 0.046000 0.044000
0 0.670000 0.791000 0.040000 0.030000
0 0.694000 0.746000 0.032000 0.032000
0 0.718000 0.718000 0.040000 0.028000
0 0.735000 0.702000 0.042000 0.044000
0 0.751000 0.657000 0.050000 0.034000
0 0.779000 0.638000 0.050000 0.040000
0 0.782000 0.587000 0.044000 0.054000
0 0.619000 0.523000 0.038000 0.050000
0 0.675000 0.437000 0.038000 0.042000
0 0.840000 0.561000 0.036000 0.038000
0 0.911000 0.606000 0.046000 0.044000
0 0.823000 0.729000 0.066000 0.098000
0 0.772000 0.760000 0.024000 0.036000
0 0.764000 0.795000 0.060000 0.054000
0 0.724000 0.850000 0.056000 0.048000
0 0.700000 0.898000 0.052000 0.048000
0 0.713000 0.926000 0.038000 0.044000
0 0.668000 0.944000 0.040000 0.036000
0 0.945000 0.706000 0.062000 0.044000
0 0.959000 0.688000 0.026000 0.040000
0 0.903000 0.728000 0.058000 0.044000
0 0.958000 0.768000 0.072000 0.044000
0 0.878000 0.753000 0.056000 0.046000
0 0.874000 0.785000 0.032000 0.042000
0 0.855000 0.814000 0.038000 0.020000
0 0.844000 0.841000 0.040000 0.042000
0 0.828000 0.864000 0.032000 0.028000
0 0.774000 0.922000 0.036000 0.064000
0 0.795000 0.904000 0.046000 0.044000
0 0.737000 0.981000 0.038000 0.038000
0 0.720000 0.986000 0.032000 0.028000
0 0.832000 0.984000 0.040000 0.032000
0 0.861000 0.981000 0.026000 0.038000
0 0.836000 0.963000 0.032000 0.030000
0 0.873000 0.937000 0.038000 0.042000
0 0.902000 0.918000 0.024000 0.052000
0 0.946000 0.860000 0.032000 0.044000
0 0.959000 0.832000 0.038000 0.036000
0 0.978000 0.920000 0.032000 0.036000
0 0.970000 0.951000 0.056000 0.046000