0 0.350000 0.241000 0.048000 0.054000
0 0.378000 0.196000 0.068000 0.044000
0 0.474000 0.203000 0.056000 0.034000
0 0.438000 0.270000 0.060000 0.088000
0 0.547000 0.221000 0.046000 0.058000
0 0.525000 0.262000 0.042000 0.036000
0 0.504000 0.294000 0.048000 0.036000
0 0.475000 0.323000 0.058000 0.062000
0 0.621000 0.288000 0.034000 0.044000
0 0.596000 0.313000 0.040000 0.046000
0 0.577000 0.358000 0.050000 0.048000
0 0.729000 0.296000 0.050000 0.052000
0 0.655000 0.349000 0.058000 0.054000
0 0.698000 0.368000 0.060000 0.052000
0 0.780000 0.324000 0.068000 0.040000
0 0.762000 0.371000 0.052000 0.078000
0 0.698000 0.440000 0.056000 0.060000
0 0.815000 0.451000 0.070000 0.058000
0 0.922000 0.452000 0.060000 0.044000
0 0.779000 0.521000 0.046000 0.046000
0 0.874000 0.560000 0.072000 0.056000
0 0.965000 0.520000 0.050000 0.060000
0 0.955000 0.568000 0.050000 0.056000
0 0.927000 0.606000 0.054000 0.060000
0 0.984000 0.653000 0.032000 0.054000
0 0.981000 0.337000 0.038000 0.042000
0 0.988000 0.301000 0.024000 0.054000
0 0.979000 0.221000 0.042000 0.042000
0 0.981000 0.179000 0.038000 0.042000
0 0.921000 0.140000 0.038000 0.044000
0 0.891000 0.179000 0.046000 0.046000
0 0.860000 0.252000 0.036000 0.040000
0 0.953000 0.232000 0.046000 0.048000
0 0.923000 0.261000 0.050000 0.062000
0 0.925000 0.314000 0.034000 0.060000
0 0.830000 0.107000 0.060000 0.074000
0 0.810000 0.143000 0.052000 0.058000
0 0.775000 0.207000 0.058000 0.086000
0 0.714000 0.118000 0.048000 0.052000
0 0.750000 0.082000 0.044000 0.048000
0 0.769000 0.050000 0.038000 0.032000
0 0.672000 0.015000 0.032000 0.030000
0 0.659000 0.051000 0.042000 0.038000
0 0.616000 0.090000 0.076000 0.056000
0 0.265000 0.364000 0.042000 0.044000
0 0.248000 0.435000 0.044000 0.026000
0 0.216000 0.480000 0.064000 0.088000
0 0.319000 0.414000 0.070000 0.080000
0 0.303000 0.463000 0.038000 0.050000
0 0.285000 0.498000 0.046000 0.044000
0 0.250000 0.553000 0.052000 0.046000
0 0.499000 0.493000 0.062000 0.058000
0 0.463000 0.523000 0.046000 0.054000
0 0.429000 0.578000 0.054000 0.068000
0 0.549000 0.562000 0.046000 0.044000
0 0.521000 0.587000 0.046000 0.046000
0 0.401000 0.632000 0.038000 0.060000
0 0.517000 0.628000 0.054000 0.056000
0 0.494000 0.659000 0.052000 0.054000
0 0.446000 0.686000 0.048000 0.036000
0 0.621000 0.599000 0.062000 0.070000
0 0.553000 0.703000 0.078000 0.086000
0 0.680000 0.696000 0.048000 0.044000
0 0.652000 0.712000 0.040000 0.056000
0 0.620000 0.756000 0.048000 0.056000
0 0.758000 0.709000 0.060000 0.054000
0 0.724000 0.742000 0.044000 0.056000
0 0.685000 0.821000 0.042000 0.062000
0 0.829000 0.754000 0.082000 0.060000
0 0.794000 0.825000 0.048000 0.054000
0 0.768000 0.859000 0.064000 0.046000
0 0.894000 0.796000 0.072000 0.060000
0 0.871000 0.839000 0.046000 0.058000
0 0.853000 0.896000 0.086000 0.108000
0 0.975000 0.863000 0.050000 0.050000
0 0.937000 0.890000 0.050000 0.040000
0 0.932000 0.933000 0.072000 0.074000
0 0.981000 0.979000 0.030000 0.042000
0 0.529000 0.910000 0.062000 0.056000
0 0.622000 0.926000 0.064000 0.040000
0 0.446000 0.879000 0.060000 0.078000
0 0.505000 0.957000 0.078000 0.054000
0 0.413000 0.953000 0.066000 0.050000
0 0.385000 0.979000 0.070000 0.042000
0 0.345000 0.910000 0.050000 0.064000
0 0.313000 0.774000 0.050000 0.080000
0 0.289000 0.696000 0.074000 0.068000
0 0.267000 0.762000 0.110000 0.084000
0 0.285000 0.860000 0.074000 0.048000
0 0.263000 0.927000 0.074000 0.074000
0 0.196000 0.840000 0.072000 0.044000
0 0.227000 0.804000 0.094000 0.056000
0 0.205000 0.633000 0.062000 0.042000
0 0.189000 0.671000 0.070000 0.066000
0 0.172000 0.732000 0.068000 0.060000
0 0.157000 0.773000 0.090000 0.090000
0 0.140000 0.604000 0.056000 0.060000
0 0.103000 0.656000 0.070000 0.064000
0 0.076000 0.705000 0.088000 0.082000