0 0.593000 0.021000 0.038000 0.042000
0 0.686000 0.021000 0.020000 0.042000
0 0.648000 0.065000 0.064000 0.046000
0 0.623000 0.100000 0.054000 0.040000
0 0.643000 0.157000 0.082000 0.066000
0 0.584000 0.174000 0.040000 0.048000
0 0.749000 0.084000 0.058000 0.028000
0 0.721000 0.120000 0.046000 0.056000
0 0.694000 0.164000 0.052000 0.064000
0 0.801000 0.152000 0.054000 0.064000
0 0.786000 0.187000 0.076000 0.046000
0 0.774000 0.220000 0.044000 0.056000
0 0.730000 0.240000 0.060000 0.056000
0 0.861000 0.242000 0.066000 0.056000
0 0.807000 0.308000 0.046000 0.056000
0 0.922000 0.275000 0.048000 0.070000
0 0.892000 0.318000 0.040000 0.064000
0 0.859000 0.362000 0.066000 0.084000
0 0.965000 0.390000 0.070000 0.084000
0 0.983000 0.346000 0.034000 0.084000
0 0.963000 0.232000 0.034000 0.052000
0 0.531000 0.105000 0.062000 0.070000
0 0.505000 0.030000 0.058000 0.060000
0 0.403000 0.026000 0.070000 0.052000
0 0.974000 0.827000 0.052000 0.046000
0 0.924000 0.827000 0.056000 0.058000
0 0.897000 0.860000 0.050000 0.044000
0 0.904000 0.897000 0.044000 0.030000
0 0.969000 0.888000 0.034000 0.036000
0 0.946000 0.933000 0.044000 0.062000
0 0.885000 0.737000 0.042000 0.042000
0 0.848000 0.764000 0.052000 0.044000
0 0.797000 0.809000 0.058000 0.050000
0 0.762000 0.882000 0.064000 0.048000
0 0.783000 0.679000 0.046000 0.066000
0 0.752000 0.760000 0.056000 0.060000
0 0.728000 0.811000 0.048000 0.042000
0 0.702000 0.640000 0.036000 0.044000
0 0.741000 0.652000 0.050000 0.060000
0 0.699000 0.706000 0.058000 0.048000
0 0.668000 0.685000 0.040000 0.038000
0 0.652000 0.724000 0.056000 0.036000
0 0.629000 0.784000 0.082000 0.060000
0 0.653000 0.598000 0.054000 0.036000
0 0.626000 0.623000 0.076000 0.042000
0 0.607000 0.667000 0.098000 0.050000
0 0.563000 0.732000 0.078000 0.052000
0 0.578000 0.544000 0.044000 0.064000
0 0.527000 0.579000 0.058000 0.062000
0 0.505000 0.644000 0.058000 0.048000
0 0.475000 0.685000 0.058000 0.054000
0 0.504000 0.473000 0.044000 0.054000
0 0.473000 0.518000 0.054000 0.048000
0 0.453000 0.550000 0.066000 0.068000
0 0.461000 0.425000 0.054000 0.038000
0 0.426000 0.454000 0.088000 0.056000
0 0.382000 0.515000 0.108000 0.054000
0 0.362000 0.575000 0.132000 0.042000
0 0.409000 0.624000 0.054000 0.068000
0 0.343000 0.418000 0.042000 0.032000
0 0.332000 0.451000 0.056000 0.038000
0 0.294000 0.499000 0.072000 0.038000
0 0.269000 0.543000 0.062000 0.050000
0 0.208000 0.453000 0.052000 0.046000
0 0.194000 0.506000 0.060000 0.032000
0 0.195000 0.333000 0.058000 0.042000
0 0.139000 0.416000 0.054000 0.048000
0 0.085000 0.210000 0.038000 0.048000
0 0.062000 0.243000 0.044000 0.046000
0 0.038000 0.280000 0.076000 0.056000
0 0.028000 0.334000 0.056000 0.032000
0 0.079000 0.365000 0.026000 0.026000
0 0.056000 0.388000 0.036000 0.028000
0 0.012000 0.205000 0.024000 0.066000
0 0.697000 0.982000 0.070000 0.036000
0 0.623000 0.936000 0.078000 0.064000
0 0.590000 0.974000 0.052000 0.052000
0 0.560000 0.926000 0.056000 0.048000
0 0.526000 0.973000 0.044000 0.054000
0 0.484000 0.872000 0.060000 0.064000
0 0.445000 0.914000 0.050000 0.048000
0 0.429000 0.965000 0.074000 0.066000
0 0.411000 0.793000 0.054000 0.050000
0 0.375000 0.834000 0.050000 0.036000
0 0.362000 0.872000 0.072000 0.064000
0 0.353000 0.746000 0.066000 0.040000
0 0.320000 0.769000 0.060000 0.046000
0 0.305000 0.806000 0.074000 0.048000
0 0.278000 0.860000 0.068000 0.068000
0 0.278000 0.700000 0.064000 0.060000
0 0.243000 0.743000 0.066000 0.058000
0 0.212000 0.807000 0.060000 0.082000
0 0.211000 0.656000 0.046000 0.052000
0 0.171000 0.692000 0.062000 0.044000
0 0.168000 0.732000 0.068000 0.040000
0 0.162000 0.770000 0.048000 0.044000
0 0.104000 0.632000 0.060000 0.064000
0 0.080000 0.683000 0.048000 0.050000
0 0.068000 0.554000 0.056000 0.064000
0 0.029000 0.604000 0.054000 0.044000
0 0.017000 0.645000 0.034000 0.062000
0 0.027000 0.906000 0.054000 0.064000
0 0.121000 0.941000 0.062000 0.046000
0 0.094000 0.963000 0.076000 0.038000
0 0.056000 0.981000 0.032000 0.038000
0 0.014000 0.956000 0.028000 0.048000