0 0.352000 0.136000 0.056000 0.048000
0 0.311000 0.180000 0.058000 0.056000
0 0.267000 0.241000 0.058000 0.058000
0 0.368000 0.217000 0.036000 0.038000
0 0.186000 0.203000 0.056000 0.026000
0 0.328000 0.275000 0.020000 0.030000
0 0.464000 0.255000 0.040000 0.038000
0 0.436000 0.295000 0.044000 0.042000
0 0.388000 0.363000 0.044000 0.046000
0 0.457000 0.417000 0.054000 0.030000
0 0.585000 0.415000 0.058000 0.050000
0 0.668000 0.436000 0.032000 0.048000
0 0.645000 0.480000 0.042000 0.044000
0 0.604000 0.522000 0.040000 0.044000
0 0.714000 0.480000 0.032000 0.056000
0 0.687000 0.548000 0.038000 0.036000
0 0.790000 0.542000 0.028000 0.040000
0 0.830000 0.518000 0.052000 0.056000
0 0.751000 0.453000 0.030000 0.058000
0 0.917000 0.549000 0.046000 0.050000
0 0.846000 0.606000 0.056000 0.044000
0 0.828000 0.660000 0.036000 0.048000
0 0.970000 0.590000 0.024000 0.044000
0 0.736000 0.605000 0.060000 0.030000
0 0.665000 0.698000 0.054000 0.076000
0 0.651000 0.762000 0.094000 0.060000
0 0.623000 0.808000 0.102000 0.032000
0 0.613000 0.851000 0.058000 0.050000
0 0.585000 0.699000 0.046000 0.086000
0 0.763000 0.778000 0.070000 0.060000
0 0.698000 0.842000 0.064000 0.036000
0 0.683000 0.879000 0.058000 0.038000
0 0.669000 0.910000 0.042000 0.040000
0 0.830000 0.796000 0.052000 0.052000
0 0.790000 0.860000 0.076000 0.064000
0 0.757000 0.895000 0.042000 0.026000
0 0.759000 0.932000 0.042000 0.052000
0 0.903000 0.856000 0.046000 0.044000
0 0.866000 0.887000 0.072000 0.038000
0 0.854000 0.924000 0.052000 0.052000
0 0.844000 0.957000 0.040000 0.046000
0 0.826000 0.983000 0.048000 0.034000
0 0.959000 0.909000 0.050000 0.054000
0 0.949000 0.944000 0.054000 0.032000
0 0.921000 0.973000 0.034000 0.030000
0 0.564000 0.626000 0.048000 0.048000
0 0.525000 0.630000 0.046000 0.040000
0 0.494000 0.674000 0.040000 0.056000
0 0.441000 0.759000 0.050000 0.054000
0 0.480000 0.577000 0.048000 0.050000
0 0.446000 0.595000 0.048000 0.038000
0 0.419000 0.635000 0.050000 0.046000
0 0.425000 0.661000 0.038000 0.054000
0 0.392000 0.685000 0.068000 0.054000
0 0.390000 0.535000 0.048000 0.054000
0 0.348000 0.561000 0.036000 0.042000
0 0.339000 0.592000 0.050000 0.048000
0 0.310000 0.626000 0.048000 0.052000
0 0.314000 0.506000 0.040000 0.048000
0 0.289000 0.533000 0.038000 0.058000
0 0.260000 0.573000 0.024000 0.050000
0 0.233000 0.452000 0.046000 0.068000
0 0.202000 0.480000 0.060000 0.040000
0 0.185000 0.529000 0.074000 0.066000
0 0.172000 0.421000 0.060000 0.066000
0 0.132000 0.466000 0.052000 0.060000
0 0.094000 0.369000 0.052000 0.062000
0 0.059000 0.424000 0.034000 0.020000
0 0.059000 0.261000 0.058000 0.066000
0 0.018000 0.310000 0.036000 0.036000
0 0.013000 0.368000 0.026000 0.036000
0 0.236000 0.277000 0.036000 0.034000
0 0.141000 0.942000 0.070000 0.036000
0 0.094000 0.991000 0.036000 0.018000
0 0.068000 0.892000 0.032000 0.028000
0 0.041000 0.930000 0.042000 0.028000
0 0.037000 0.959000 0.046000 0.046000
0 0.015000 0.868000 0.030000 0.044000
0 0.213000 0.976000 0.038000 0.032000