0 0.559478 0.946087 0.097391 0.090435
0 0.489043 0.886087 0.074783 0.081739
0 0.441217 0.838261 0.090435 0.080000
0 0.324696 0.953043 0.104348 0.062609
0 0.248174 0.889565 0.080000 0.067826
0 0.159478 0.818261 0.073043 0.078261
0 0.111652 0.775652 0.081739 0.073043
0 0.067304 0.730435 0.104348 0.069565
0 0.356000 0.779130 0.066087 0.059130
0 0.320348 0.723478 0.067826 0.069565
0 0.225565 0.666087 0.073043 0.059130
0 0.186435 0.615652 0.071304 0.059130
0 0.095130 0.562609 0.066087 0.071304
0 0.891652 0.970435 0.080000 0.059130
0 0.833391 0.938261 0.071304 0.078261
0 0.787304 0.885217 0.062609 0.080000
0 0.740348 0.842609 0.083478 0.081739
0 0.682087 0.800000 0.064348 0.069565
0 0.625565 0.773913 0.069565 0.076522
0 0.585565 0.704348 0.073043 0.093913
0 0.509043 0.647826 0.062609 0.092174
0 0.442087 0.646957 0.067826 0.076522
0 0.405565 0.604348 0.071304 0.074783
0 0.358609 0.542609 0.078261 0.093913
0 0.244696 0.471304 0.066087 0.083478
0 0.182956 0.411304 0.067826 0.064348
0 0.129913 0.380870 0.066087 0.083478
0 0.052522 0.349565 0.078261 0.073043
0 0.036261 0.276522 0.072522 0.086957
0 0.979739 0.853043 0.040522 0.113043
0 0.889913 0.800870 0.086957 0.092174
0 0.836870 0.720000 0.095652 0.104348
0 0.732522 0.652174 0.088696 0.097391
0 0.783826 0.692174 0.083478 0.069565
0 0.665565 0.606957 0.100870 0.093913
0 0.623826 0.559130 0.100870 0.067826
0 0.572522 0.506957 0.109565 0.092174
0 0.502956 0.451304 0.092174 0.067826
0 0.449913 0.415652 0.083478 0.086957
0 0.369913 0.346087 0.107826 0.097391
0 0.256000 0.290435 0.088696 0.066087
0 0.216870 0.242609 0.059130 0.064348
0 0.175130 0.200870 0.062609 0.060870
0 0.104696 0.156522 0.067826 0.055652
0 0.074261 0.113043 0.066087 0.059130
0 0.037130 0.077391 0.074260 0.053913
0 0.169913 0.029565 0.076522 0.059130
0 0.245565 0.030435 0.060870 0.053913
0 0.280348 0.107826 0.113043 0.104348
0 0.463826 0.214783 0.097391 0.088696
0 0.523826 0.263478 0.088696 0.085217
0 0.573391 0.311304 0.076522 0.073043
0 0.618609 0.352174 0.069565 0.078261
0 0.669043 0.397391 0.083478 0.081739
0 0.750783 0.455652 0.076522 0.083478
0 0.803826 0.498261 0.088696 0.092174
0 0.866435 0.553043 0.078261 0.097391
0 0.931652 0.606087 0.097391 0.095652
0 0.978870 0.438261 0.042260 0.086957
0 0.942087 0.392174 0.076522 0.085217
0 0.870783 0.352174 0.073043 0.078261
0 0.823826 0.294783 0.090435 0.095652
0 0.756870 0.260000 0.099130 0.088696
0 0.688174 0.204348 0.097391 0.085217
0 0.606435 0.131304 0.080000 0.088696
0 0.496870 0.075652 0.076522 0.092174
0 0.465565 0.035652 0.100870 0.071304
0 0.707304 0.030435 0.052174 0.060870
0 0.769913 0.075652 0.107826 0.092174
0 0.842956 0.136522 0.107826 0.092174
0 0.909043 0.179130 0.100870 0.111304
0 0.969304 0.246957 0.061391 0.107826
0 0.932522 0.036522 0.081739 0.073043