0 0.162087 0.981739 0.060870 0.036522
0 0.133391 0.940870 0.090435 0.062609
0 0.031043 0.856522 0.062086 0.074783
0 0.415130 0.974783 0.076522 0.050434
0 0.360348 0.944348 0.067826 0.052174
0 0.319478 0.909565 0.069565 0.073043
0 0.243826 0.841739 0.064348 0.076522
0 0.150783 0.786957 0.066087 0.064348
0 0.100348 0.726087 0.062609 0.078261
0 0.024087 0.676522 0.048174 0.086957
0 0.662956 0.958261 0.064348 0.062609
0 0.716000 0.983478 0.083478 0.033043
0 0.593391 0.923478 0.078261 0.080000
0 0.475130 0.840000 0.078261 0.080000
0 0.464696 0.791304 0.067826 0.073043
0 0.419478 0.772174 0.074783 0.062609
0 0.382956 0.740000 0.067826 0.071304
0 0.330783 0.702609 0.078261 0.076522
0 0.278609 0.663478 0.081739 0.067826
0 0.224696 0.625217 0.064348 0.064348
0 0.149913 0.568696 0.060870 0.066087
0 0.065565 0.500870 0.062609 0.073043
0 0.031043 0.448696 0.062086 0.080000
0 0.903826 0.960870 0.055652 0.071304
0 0.958870 0.979130 0.082260 0.041739
0 0.976261 0.840000 0.047478 0.100870
0 0.809913 0.900000 0.062609 0.064348
0 0.767304 0.862609 0.085217 0.100870
0 0.661217 0.777391 0.057391 0.104348
0 0.616870 0.740000 0.080000 0.085217
0 0.474261 0.638261 0.083478 0.076522
0 0.421217 0.588696 0.074783 0.099130
0 0.328174 0.507826 0.066087 0.090435
0 0.269043 0.462609 0.083478 0.076522
0 0.203826 0.413913 0.092174 0.083478
0 0.084696 0.304348 0.083478 0.083478
0 0.041478 0.242609 0.082956 0.116522
0 0.898609 0.748696 0.093913 0.095652
0 0.822956 0.696522 0.106087 0.109565
0 0.663826 0.583478 0.069565 0.102609
0 0.615130 0.538261 0.090435 0.095652
0 0.549913 0.491304 0.102609 0.095652
0 0.462956 0.433043 0.092174 0.100870
0 0.399478 0.370435 0.104348 0.111304
0 0.349913 0.326957 0.088696 0.104348
0 0.292522 0.273043 0.099130 0.107826
0 0.241217 0.213043 0.107826 0.120000
0 0.167304 0.153913 0.095652 0.106087
0 0.102956 0.141739 0.085217 0.102609
0 0.063826 0.095652 0.107826 0.107826
0 0.983217 0.631304 0.033565 0.128696
0 0.946435 0.573043 0.067826 0.109565
0 0.908174 0.533043 0.078261 0.109565
0 0.851652 0.486087 0.090435 0.120000
0 0.739478 0.429565 0.106087 0.128696
0 0.682087 0.374783 0.088696 0.109565
0 0.592522 0.300870 0.086957 0.107826
0 0.508174 0.245217 0.081739 0.069565
0 0.473391 0.196522 0.085217 0.086957
0 0.405565 0.173913 0.074783 0.104348
0 0.336870 0.116522 0.076522 0.093913
0 0.289043 0.076522 0.074783 0.090435
0 0.251652 0.026087 0.073043 0.052174
0 0.960609 0.393043 0.078782 0.097391
0 0.847304 0.303478 0.074783 0.095652
0 0.787304 0.237391 0.069565 0.106087
0 0.714261 0.181739 0.083478 0.078261
0 0.635130 0.140000 0.074783 0.074783
0 0.509913 0.061739 0.064348 0.074783
0 0.496870 0.032174 0.062609 0.064348
0 0.969304 0.204348 0.061391 0.095652
0 0.881217 0.149565 0.093913 0.083478
0 0.775130 0.048696 0.048696 0.048696
0 0.713391 0.033043 0.126957 0.066086
0 0.968435 0.027826 0.063130 0.045217