0 0.209043 0.972000 0.071304 0.056000
0 0.128174 0.923130 0.076522 0.055652
0 0.059478 0.881391 0.064348 0.055652
0 0.021478 0.826609 0.042956 0.085217
0 0.437739 0.961391 0.059130 0.052174
0 0.409043 0.935304 0.085217 0.066087
0 0.362956 0.909217 0.073043 0.066087
0 0.311652 0.868348 0.071304 0.067826
0 0.251652 0.820522 0.076522 0.059130
0 0.197739 0.782261 0.062609 0.059130
0 0.146435 0.738783 0.071304 0.076522
0 0.096000 0.695304 0.074783 0.066087
0 0.051652 0.662261 0.062609 0.052174
0 0.021478 0.615304 0.042956 0.080000
0 0.756870 0.976348 0.078261 0.047304
0 0.698609 0.950087 0.076522 0.057391
0 0.594261 0.880522 0.069565 0.046957
0 0.540348 0.848348 0.069565 0.055652
0 0.476870 0.797913 0.095652 0.076522
0 0.362956 0.699652 0.069565 0.067826
0 0.291652 0.644870 0.062609 0.069565
0 0.190783 0.573565 0.062609 0.080000
0 0.149913 0.536174 0.074783 0.064348
0 0.101217 0.495304 0.060870 0.059130
0 0.059478 0.457913 0.078261 0.067826
0 0.017130 0.402261 0.034260 0.074783
0 0.057739 0.251826 0.046957 0.062609
0 0.030783 0.223130 0.048696 0.060870
0 0.168174 0.381391 0.052174 0.064348
0 0.208174 0.370087 0.055652 0.073043
0 0.288174 0.431826 0.073043 0.078261
0 0.335130 0.468348 0.069565 0.064348
0 0.370783 0.500522 0.060870 0.052174
0 0.420348 0.537913 0.069565 0.067826
0 0.567304 0.656174 0.064348 0.064348
0 0.608174 0.681391 0.048696 0.066087
0 0.653391 0.719652 0.069565 0.045217
0 0.736000 0.770957 0.050435 0.064348
0 0.764696 0.800522 0.059130 0.050435
0 0.824696 0.639652 0.078261 0.066087
0 0.907304 0.511826 0.038261 0.050435
0 0.933391 0.552696 0.048696 0.080000
0 0.969304 0.539652 0.061391 0.085217
0 0.792522 0.413565 0.055652 0.045217
0 0.825565 0.445739 0.062609 0.064348
0 0.756870 0.358783 0.060870 0.064348
0 0.630783 0.480522 0.059130 0.053913
0 0.656000 0.514435 0.043478 0.059130
0 0.580348 0.450957 0.062609 0.057391
0 0.548174 0.404870 0.057391 0.062609
0 0.509043 0.373565 0.076522 0.069565
0 0.420348 0.341391 0.076522 0.060870
0 0.372522 0.262261 0.053913 0.052174
0 0.334261 0.290087 0.071304 0.083478
0 0.260348 0.219652 0.076522 0.060870
0 0.207304 0.148348 0.060870 0.057391
0 0.187304 0.196174 0.069565 0.062609
0 0.111652 0.091826 0.078261 0.076522
0 0.143826 0.117913 0.066087 0.062609
0 0.256870 0.027652 0.111304 0.055304
0 0.662956 0.329217 0.067826 0.099130
0 0.616000 0.283130 0.060870 0.069565
0 0.557739 0.247478 0.073043 0.081739
0 0.476000 0.175304 0.062609 0.062609
0 0.436870 0.148348 0.067826 0.060870
0 0.397739 0.100522 0.073043 0.062609
0 0.969304 0.359652 0.061391 0.090435
0 0.923826 0.329217 0.057391 0.102609
0 0.862087 0.265739 0.069565 0.083478
0 0.791652 0.212696 0.046957 0.057391
0 0.662956 0.114435 0.050435 0.066087
0 0.622956 0.080522 0.053913 0.074783
0 0.534261 0.037217 0.085217 0.074434
0 0.873391 0.090957 0.060870 0.064348
0 0.921217 0.128348 0.062609 0.069565
0 0.966435 0.162261 0.062609 0.067826