0 0.229913 0.944348 0.085217 0.080000
0 0.099478 0.870435 0.078261 0.088696
0 0.040348 0.806087 0.060870 0.078261
0 0.509043 0.960000 0.076522 0.062609
0 0.438609 0.904348 0.099130 0.086957
0 0.322956 0.820000 0.073043 0.071304
0 0.255130 0.766957 0.059130 0.059130
0 0.209913 0.733913 0.055652 0.059130
0 0.174261 0.706957 0.057391 0.060870
0 0.130783 0.673043 0.053913 0.055652
0 0.110783 0.646087 0.062609 0.064348
0 0.044696 0.636522 0.062609 0.083478
0 0.018000 0.575652 0.036000 0.086957
0 0.813391 0.978261 0.041739 0.043478
0 0.780348 0.964348 0.052174 0.046957
0 0.730783 0.915652 0.050435 0.060870
0 0.682956 0.874783 0.059130 0.059130
0 0.632522 0.826087 0.055652 0.062609
0 0.583826 0.800000 0.062609 0.059130
0 0.523826 0.760870 0.060870 0.071304
0 0.469043 0.740870 0.076522 0.062609
0 0.438609 0.700000 0.046957 0.053913
0 0.408174 0.680000 0.031304 0.038261
0 0.320348 0.601739 0.050435 0.073043
0 0.276000 0.569565 0.066087 0.074783
0 0.211652 0.522609 0.055652 0.067826
0 0.179478 0.506957 0.064348 0.064348
0 0.128174 0.463478 0.055652 0.067826
0 0.065565 0.431304 0.055652 0.062609
0 0.029304 0.365217 0.058608 0.069565
0 0.946435 0.899130 0.064348 0.066087
0 0.886435 0.863478 0.066087 0.064348
0 0.828174 0.820000 0.067826 0.071304
0 0.756000 0.740000 0.059130 0.081739
0 0.686435 0.682609 0.059130 0.078261
0 0.637739 0.643478 0.066087 0.069565
0 0.483826 0.531304 0.046957 0.060870
0 0.421217 0.475652 0.064348 0.071304
0 0.324696 0.420870 0.066087 0.059130
0 0.246435 0.354783 0.062609 0.062609
0 0.162087 0.304348 0.074783 0.066087
0 0.079478 0.236522 0.055652 0.080000
0 0.032783 0.188696 0.065565 0.081739
0 0.922087 0.687826 0.064348 0.060870
0 0.881217 0.655652 0.059130 0.066087
0 0.840348 0.607826 0.053913 0.057391
0 0.799478 0.580870 0.055652 0.062609
0 0.770783 0.553043 0.043478 0.048696
0 0.718609 0.510435 0.060870 0.067826
0 0.671652 0.478261 0.033043 0.055652
0 0.633391 0.439130 0.057391 0.050435
0 0.563826 0.386957 0.081739 0.099130
0 0.506435 0.346087 0.053913 0.080000
0 0.460348 0.298261 0.059130 0.085217
0 0.369913 0.245217 0.059130 0.066087
0 0.329913 0.213043 0.055652 0.067826
0 0.288174 0.170435 0.055652 0.073043
0 0.197739 0.106087 0.062609 0.073043
0 0.173391 0.073913 0.055652 0.057391
0 0.129043 0.033913 0.057391 0.060870
0 0.082087 0.079130 0.067826 0.060870
0 0.040609 0.011304 0.081217 0.022608
0 0.912522 0.463478 0.034783 0.060870
0 0.941217 0.467826 0.053913 0.093913
0 0.855130 0.387826 0.055652 0.059130
0 0.811652 0.411304 0.045217 0.071304
0 0.754261 0.329565 0.048696 0.064348
0 0.701217 0.287826 0.060870 0.064348
0 0.649043 0.262609 0.057391 0.059130
0 0.595130 0.215652 0.046957 0.062609
0 0.557739 0.166957 0.045217 0.055652
0 0.520348 0.139130 0.043478 0.055652
0 0.452522 0.116522 0.067826 0.062609
0 0.398609 0.059130 0.046957 0.055652
0 0.358609 0.026087 0.050435 0.052174
0 0.972783 0.290435 0.054434 0.093913
0 0.823826 0.170435 0.062609 0.083478
0 0.764696 0.122609 0.055652 0.064348
0 0.709043 0.088696 0.062609 0.076522
0 0.649913 0.059130 0.083478 0.062609
0 0.601217 0.024348 0.090435 0.048696