0 0.078609 0.932696 0.064348 0.074783
0 0.120348 0.964870 0.074783 0.034783
0 0.157739 0.982435 0.045217 0.035130
0 0.430783 0.983304 0.069565 0.033391
0 0.387304 0.945739 0.048696 0.059130
0 0.330783 0.930957 0.074783 0.067826
0 0.257739 0.864000 0.053913 0.059130
0 0.218609 0.820522 0.076522 0.073043
0 0.112522 0.756174 0.062609 0.059130
0 0.078609 0.708348 0.088696 0.078261
0 0.232522 0.627478 0.076522 0.066087
0 0.171652 0.596174 0.080000 0.062609
0 0.097739 0.544000 0.081739 0.062609
0 0.051652 0.498783 0.090435 0.083478
0 0.483826 0.822261 0.060870 0.059130
0 0.515130 0.857913 0.078261 0.057391
0 0.573391 0.885739 0.069565 0.060870
0 0.618609 0.923130 0.062609 0.069565
0 0.660348 0.962261 0.066087 0.071304
0 0.730783 0.810957 0.046957 0.060870
0 0.767304 0.844000 0.060870 0.046957
0 0.815130 0.870087 0.066087 0.057391
0 0.898609 0.939652 0.083478 0.074783
0 0.959739 0.975478 0.080522 0.049043
0 0.911652 0.766609 0.074783 0.090435
0 0.855130 0.713565 0.073043 0.071304
0 0.774261 0.652696 0.102609 0.081739
0 0.722087 0.587478 0.050435 0.066087
0 0.634261 0.519652 0.059130 0.059130
0 0.593391 0.501391 0.053913 0.060870
0 0.531652 0.452696 0.062609 0.074783
0 0.479478 0.413565 0.069565 0.069565
0 0.423826 0.368348 0.062609 0.073043
0 0.349043 0.326609 0.076522 0.086957
0 0.278609 0.277043 0.078261 0.085217
0 0.222087 0.227478 0.055652 0.055652
0 0.172522 0.184870 0.064348 0.053913
0 0.086435 0.137043 0.076522 0.073043
0 0.285565 0.068348 0.060870 0.064348
0 0.336870 0.099652 0.083478 0.067826
0 0.390783 0.154435 0.066087 0.086957
0 0.541217 0.255304 0.078261 0.080000
0 0.629043 0.312696 0.055652 0.083478
0 0.669913 0.367478 0.057391 0.088696
0 0.756000 0.440522 0.059130 0.074783
0 0.812522 0.478783 0.085217 0.092174
0 0.867304 0.508348 0.073043 0.060870
0 0.984957 0.624000 0.030086 0.052174
0 0.771652 0.235304 0.066087 0.074783
0 0.662087 0.160522 0.066087 0.067826
0 0.592522 0.072696 0.066087 0.073043
0 0.544696 0.095304 0.053913 0.073043
0 0.467304 0.030261 0.069565 0.060522
0 0.756870 0.050957 0.064348 0.050435
0 0.860348 0.146609 0.048696 0.064348
0 0.885565 0.116174 0.060870 0.041739
0 0.522956 0.645739 0.052174 0.064348
0 0.477739 0.618783 0.066087 0.066087
0 0.376870 0.542261 0.066087 0.073043
0 0.333391 0.504000 0.062609 0.080000
0 0.255130 0.433565 0.052174 0.053913
0 0.202956 0.415304 0.045217 0.045217
0 0.142956 0.357043 0.053913 0.064348
0 0.103826 0.327478 0.055652 0.053913
0 0.071652 0.288348 0.102609 0.059130