0 0.175130 0.951826 0.093913 0.071304
0 0.242956 0.981565 0.111304 0.036870
0 0.076870 0.897913 0.050435 0.092174
0 0.038870 0.846609 0.077739 0.083478
0 0.381217 0.917043 0.081739 0.081739
0 0.283826 0.854435 0.095652 0.071304
0 0.155130 0.757043 0.074783 0.067826
0 0.104696 0.724870 0.060870 0.059130
0 0.056000 0.689217 0.071304 0.060870
0 0.018000 0.637043 0.036000 0.081739
0 0.147304 0.534435 0.066087 0.078261
0 0.197739 0.592696 0.080000 0.066087
0 0.254261 0.632696 0.088696 0.086957
0 0.390783 0.729217 0.093913 0.095652
0 0.465565 0.784870 0.111304 0.071304
0 0.528174 0.842261 0.069565 0.078261
0 0.589043 0.879652 0.080000 0.080000
0 0.545565 0.668348 0.083478 0.088696
0 0.464696 0.574435 0.071304 0.074783
0 0.392522 0.524000 0.066087 0.064348
0 0.329043 0.490087 0.071304 0.066087
0 0.279478 0.426609 0.073043 0.060870
0 0.125565 0.300522 0.067826 0.069565
0 0.055130 0.257043 0.073043 0.069565
0 0.690783 0.597043 0.060870 0.064348
0 0.665565 0.548348 0.045217 0.071304
0 0.589043 0.468348 0.059130 0.085217
0 0.618609 0.512696 0.055652 0.059130
0 0.133391 0.124870 0.052174 0.080000
0 0.074261 0.075304 0.069565 0.057391
0 0.050783 0.038783 0.064348 0.067826
0 0.410783 0.354435 0.078261 0.059130
0 0.360348 0.304000 0.074783 0.069565
0 0.296870 0.029391 0.048696 0.058782
0 0.260348 0.022435 0.076522 0.044870
0 0.391652 0.110087 0.071304 0.067826
0 0.437739 0.158783 0.069565 0.057391
0 0.489913 0.192696 0.090435 0.069565
0 0.676870 0.333565 0.071304 0.073043
0 0.738609 0.204000 0.062609 0.071304
0 0.628174 0.111826 0.060870 0.060870
0 0.592522 0.070087 0.066087 0.067826
0 0.780348 0.221391 0.059130 0.067826