0 0.782956 0.618783 0.060870 0.059130
0 0.711652 0.563130 0.067826 0.041739
0 0.971043 0.542261 0.057913 0.080000
0 0.867304 0.467478 0.066087 0.059130
0 0.832522 0.442261 0.066087 0.053913
0 0.726435 0.391826 0.048696 0.050435
0 0.924696 0.315304 0.055652 0.064348
0 0.866435 0.286609 0.064348 0.055652
0 0.825565 0.238783 0.059130 0.060870
0 0.968435 0.164000 0.063130 0.081739
0 0.924696 0.097043 0.069565 0.073043
0 0.775130 0.025043 0.093913 0.050086
0 0.711652 0.155304 0.046957 0.064348
0 0.598609 0.074435 0.071304 0.062609
0 0.520348 0.030261 0.043478 0.060522
0 0.590783 0.279652 0.080000 0.066087
0 0.490783 0.190087 0.088696 0.074783
0 0.348174 0.097043 0.071304 0.052174
0 0.286435 0.067478 0.059130 0.059130
0 0.202087 0.019826 0.057391 0.039652
0 0.599478 0.470087 0.062609 0.071304
0 0.522087 0.423130 0.085217 0.071304
0 0.473391 0.388348 0.067826 0.060870
0 0.390783 0.357913 0.059130 0.059130
0 0.312522 0.289217 0.069565 0.064348
0 0.281217 0.233565 0.069565 0.074783
0 0.182087 0.191826 0.080000 0.064348
0 0.149043 0.153565 0.073043 0.060870
0 0.102956 0.110087 0.071304 0.064348
0 0.052522 0.078783 0.071304 0.071304
0 0.969304 0.975478 0.061391 0.049043
0 0.882956 0.906609 0.073043 0.078261
0 0.824696 0.850957 0.081739 0.085217
0 0.734261 0.783130 0.078261 0.092174
0 0.606435 0.677043 0.073043 0.064348
0 0.516870 0.601391 0.071304 0.080000
0 0.407304 0.544000 0.088696 0.090435
0 0.276000 0.461391 0.080000 0.074783
0 0.186435 0.397043 0.085217 0.074783
0 0.093391 0.326609 0.069565 0.066087
0 0.049913 0.287478 0.073043 0.074783
0 0.055130 0.470957 0.062609 0.090435
0 0.135130 0.550957 0.059130 0.062609
0 0.183826 0.577043 0.080000 0.062609
0 0.227304 0.619652 0.073043 0.081739
0 0.418609 0.750087 0.093913 0.071304
0 0.484696 0.816174 0.083478 0.106087
0 0.676000 0.952696 0.083478 0.069565
0 0.484696 0.973739 0.128696 0.052522
0 0.320348 0.883130 0.060870 0.083478
0 0.242087 0.837913 0.095652 0.069565
0 0.216000 0.790957 0.109565 0.076522
0 0.093391 0.704870 0.066087 0.064348
0 0.054261 0.670087 0.085217 0.088696
0 0.014522 0.826609 0.029043 0.081739
0 0.094261 0.892696 0.092174 0.088696
0 0.152522 0.936174 0.083478 0.057391
0 0.209913 0.975478 0.062609 0.049043