0 0.354261 0.978957 0.055652 0.042086
0 0.096000 0.978087 0.081739 0.043826
0 0.018870 0.932696 0.037739 0.071304
0 0.123826 0.803130 0.081739 0.048696
0 0.149913 0.847478 0.081739 0.071304
0 0.016261 0.744870 0.032522 0.092174
0 0.614261 0.968522 0.102609 0.062956
0 0.515130 0.923130 0.081739 0.083478
0 0.422956 0.848348 0.060870 0.069565
0 0.325565 0.758783 0.071304 0.067826
0 0.367304 0.793565 0.067826 0.074783
0 0.156000 0.657043 0.076522 0.073043
0 0.109043 0.636174 0.090435 0.080000
0 0.040348 0.551826 0.050435 0.046957
0 0.022348 0.516174 0.044696 0.052174
0 0.901217 0.982435 0.074783 0.035130
0 0.829913 0.972000 0.050435 0.056000
0 0.798609 0.923130 0.081739 0.076522
0 0.653391 0.812696 0.066087 0.060870
0 0.622087 0.787478 0.076522 0.062609
0 0.562956 0.739652 0.066087 0.067826
0 0.515130 0.711826 0.081739 0.067826
0 0.418609 0.640522 0.073043 0.074783
0 0.379478 0.615304 0.078261 0.076522
0 0.336870 0.585739 0.080000 0.059130
0 0.218609 0.477043 0.048696 0.053913
0 0.169043 0.437913 0.057391 0.052174
0 0.100348 0.390957 0.080000 0.062609
0 0.030174 0.331826 0.060348 0.069565
0 0.915130 0.809217 0.064348 0.074783
0 0.857739 0.770087 0.040000 0.055652
0 0.823826 0.739652 0.062609 0.057391
0 0.730783 0.680522 0.074783 0.074783
0 0.684696 0.627478 0.062609 0.062609
0 0.625565 0.584870 0.055652 0.060870
0 0.572522 0.546609 0.064348 0.057391
0 0.509043 0.501391 0.069565 0.064348
0 0.401217 0.418783 0.066087 0.066087
0 0.292522 0.336174 0.053913 0.067826
0 0.342087 0.370087 0.083478 0.052174
0 0.219478 0.287478 0.067826 0.053913
0 0.148174 0.226609 0.067826 0.064348
0 0.053391 0.154435 0.069565 0.062609
0 0.197739 0.064000 0.062609 0.069565
0 0.236000 0.102261 0.083478 0.062609
0 0.286435 0.149217 0.080000 0.069565
0 0.348174 0.184000 0.085217 0.059130
0 0.398609 0.228348 0.064348 0.067826
0 0.450783 0.277913 0.081739 0.069565
0 0.542087 0.332696 0.055652 0.057391
0 0.578609 0.366609 0.062609 0.069565
0 0.616870 0.384870 0.052174 0.074783
0 0.651652 0.417913 0.048696 0.043478
0 0.687304 0.454435 0.057391 0.064348
0 0.795130 0.516174 0.071304 0.062609
0 0.833391 0.554435 0.060870 0.041739
0 0.868174 0.583130 0.043478 0.053913
0 0.974522 0.674435 0.050956 0.083478
0 0.356870 0.023304 0.071304 0.046608
0 0.402087 0.037913 0.046957 0.041739
0 0.440348 0.060522 0.057391 0.048696
0 0.496000 0.098783 0.099130 0.086957
0 0.549043 0.133565 0.069565 0.062609
0 0.595130 0.170087 0.064348 0.073043
0 0.641217 0.205739 0.066087 0.057391
0 0.685565 0.242261 0.074783 0.053913
0 0.755130 0.284000 0.095652 0.071304
0 0.799478 0.309217 0.041739 0.059130
0 0.848174 0.361391 0.066087 0.069565
0 0.896870 0.403130 0.073043 0.059130
0 0.940348 0.443130 0.055652 0.059130
0 0.978000 0.451826 0.044000 0.107826
0 0.953391 0.225739 0.053913 0.059130
0 0.905565 0.189217 0.066087 0.062609
0 0.844696 0.144870 0.066087 0.057391
0 0.787304 0.101391 0.073043 0.064348
0 0.761217 0.072696 0.073043 0.059130
0 0.675130 0.036174 0.081739 0.062609
0 0.966696 0.037913 0.066608 0.059130