0 0.203826 0.835652 0.078261 0.074783
0 0.262956 0.902609 0.085217 0.093913
0 0.331652 0.942609 0.093913 0.069565
0 0.398609 0.966957 0.102609 0.066086
0 0.135130 0.972174 0.104348 0.055652
0 0.067304 0.929565 0.059130 0.057391
0 0.036261 0.891304 0.072522 0.064348
0 0.034522 0.683478 0.069043 0.080000
0 0.148174 0.613043 0.092174 0.064348
0 0.082087 0.539130 0.081739 0.069565
0 0.038870 0.495652 0.077739 0.080000
0 0.321217 0.729565 0.104348 0.078261
0 0.381217 0.793913 0.092174 0.092174
0 0.429913 0.835652 0.071304 0.064348
0 0.482956 0.875652 0.062609 0.064348
0 0.531652 0.904348 0.062609 0.062609
0 0.583826 0.943478 0.086957 0.078261
0 0.653391 0.977391 0.097391 0.045217
0 0.813391 0.905217 0.080000 0.064348
0 0.764696 0.859130 0.069565 0.076522
0 0.720348 0.821739 0.081739 0.088696
0 0.616000 0.751304 0.060870 0.062609
0 0.650783 0.774783 0.071304 0.064348
0 0.569913 0.705217 0.062609 0.067826
0 0.517739 0.666087 0.076522 0.093913
0 0.406435 0.558261 0.073043 0.090435
0 0.333391 0.532174 0.083478 0.069565
0 0.282087 0.490435 0.078261 0.069565
0 0.197739 0.417391 0.104348 0.090435
0 0.048174 0.288696 0.062609 0.083478
0 0.800348 0.696522 0.081739 0.095652
0 0.670783 0.587826 0.073043 0.083478
0 0.612522 0.523478 0.088696 0.069565
0 0.535130 0.469565 0.076522 0.069565
0 0.465565 0.432174 0.062609 0.071304
0 0.347304 0.320870 0.080000 0.081739
0 0.423826 0.213043 0.097391 0.088696
0 0.575130 0.315652 0.080000 0.081739
0 0.685565 0.398261 0.067826 0.066087
0 0.809913 0.456522 0.076522 0.071304
0 0.742087 0.418261 0.083478 0.060870
0 0.249043 0.260870 0.081739 0.076522
0 0.203826 0.211304 0.078261 0.078261
0 0.152522 0.176522 0.069565 0.078261
0 0.096000 0.140000 0.078261 0.060870
0 0.044696 0.101739 0.076522 0.078261
0 0.302956 0.097391 0.071304 0.073043
0 0.325565 0.129565 0.043478 0.046957
0 0.247304 0.063478 0.064348 0.074783
0 0.189913 0.026087 0.113043 0.052174
0 0.592522 0.119130 0.062609 0.060870
0 0.549043 0.080000 0.080000 0.069565
0 0.517739 0.049565 0.076522 0.074783
0 0.462087 0.021739 0.090435 0.043478
0 0.789913 0.275652 0.067826 0.067826
0 0.833391 0.304348 0.074783 0.076522
0 0.880348 0.344348 0.060870 0.059130
0 0.966696 0.417391 0.066608 0.090435
0 0.814261 0.103478 0.067826 0.078261
0 0.908174 0.173913 0.060870 0.062609
0 0.960609 0.237391 0.078782 0.102609
0 0.922956 0.767826 0.086957 0.081739