0 0.282087 0.966783 0.088696 0.066434
0 0.176870 0.909217 0.062609 0.073043
0 0.072522 0.837043 0.076522 0.071304
0 0.561217 0.966783 0.090435 0.066434
0 0.470783 0.926609 0.069565 0.066087
0 0.419478 0.909217 0.078261 0.062609
0 0.329043 0.837043 0.081739 0.074783
0 0.233391 0.774435 0.078261 0.060870
0 0.194261 0.714435 0.093913 0.080000
0 0.141217 0.672696 0.074783 0.080000
0 0.088174 0.639652 0.073043 0.073043
0 0.040609 0.581391 0.081217 0.099130
0 0.747304 0.946609 0.076522 0.088696
0 0.687304 0.907478 0.071304 0.073043
0 0.617739 0.851826 0.067826 0.080000
0 0.538609 0.803130 0.073043 0.073043
0 0.500348 0.748348 0.076522 0.071304
0 0.437739 0.713565 0.069565 0.067826
0 0.392522 0.670957 0.076522 0.083478
0 0.296000 0.609217 0.078261 0.081739
0 0.234261 0.537913 0.073043 0.088696
0 0.136870 0.466609 0.080000 0.088696
0 0.781217 0.771826 0.074783 0.083478
0 0.706435 0.724870 0.074783 0.090435
0 0.609043 0.644870 0.078261 0.076522
0 0.412522 0.531826 0.060870 0.086957
0 0.371652 0.463130 0.076522 0.088696
0 0.168174 0.313565 0.093913 0.088696
0 0.267304 0.198783 0.093913 0.092174
0 0.159478 0.090087 0.066087 0.080000
0 0.102956 0.046609 0.067826 0.055652
0 0.342087 0.249217 0.093913 0.074783
0 0.404696 0.274435 0.086957 0.059130
0 0.456870 0.315304 0.069565 0.088696
0 0.552522 0.377043 0.076522 0.076522
0 0.562087 0.430957 0.057391 0.083478
0 0.597739 0.485739 0.069565 0.081739
0 0.646435 0.450087 0.080000 0.080000
0 0.729913 0.549217 0.100870 0.083478
0 0.801217 0.599652 0.107826 0.076522
0 0.861217 0.630957 0.085217 0.073043
0 0.918609 0.670957 0.067826 0.086957
0 0.962348 0.715304 0.075304 0.067826
0 0.961217 0.506609 0.069565 0.067826
0 0.873391 0.448348 0.064348 0.073043
0 0.818609 0.390957 0.076522 0.076522
0 0.706435 0.285739 0.074783 0.064348
0 0.648174 0.251826 0.073043 0.076522
0 0.465565 0.130087 0.083478 0.066087
0 0.426435 0.086609 0.071304 0.066087
0 0.354261 0.038783 0.069565 0.067826
0 0.973652 0.297913 0.052696 0.067826
0 0.886435 0.256174 0.083478 0.060870
0 0.855130 0.203130 0.066087 0.062609
0 0.753391 0.147478 0.078261 0.069565
0 0.675130 0.093565 0.060870 0.073043
0 0.635130 0.043304 0.092174 0.086608
0 0.962348 0.095304 0.075304 0.083478
0 0.206435 0.134435 0.076522 0.071304
0 0.038000 0.030261 0.076000 0.060522