0 0.868174 0.959652 0.109565 0.073043
0 0.946435 0.806609 0.053913 0.059130
0 0.897739 0.768348 0.081739 0.066087
0 0.979739 0.677043 0.040522 0.078261
0 0.908174 0.601391 0.081739 0.086957
0 0.761217 0.679652 0.073043 0.083478
0 0.659478 0.602261 0.067826 0.071304
0 0.584696 0.570957 0.088696 0.078261
0 0.482087 0.490957 0.064348 0.064348
0 0.429913 0.441391 0.078261 0.080000
0 0.284696 0.336174 0.080000 0.074783
0 0.209043 0.273565 0.050435 0.050435
0 0.090783 0.194435 0.067826 0.080000
0 0.060348 0.152696 0.093913 0.069565
0 0.194261 0.097043 0.086957 0.104348
0 0.350783 0.200522 0.076522 0.085217
0 0.402956 0.228348 0.097391 0.074783
0 0.469913 0.283130 0.102609 0.104348
0 0.664696 0.424000 0.060870 0.093913
0 0.716000 0.465739 0.090435 0.080000
0 0.782956 0.498783 0.081739 0.069565
0 0.975391 0.494435 0.049217 0.099130
0 0.913391 0.388348 0.057391 0.081739
0 0.865565 0.356174 0.073043 0.080000
0 0.782087 0.319652 0.066087 0.080000
0 0.709913 0.270087 0.081739 0.085217
0 0.661217 0.224000 0.067826 0.076522
0 0.607304 0.177043 0.071304 0.066087
0 0.522087 0.124870 0.064348 0.059130
0 0.476000 0.089217 0.059130 0.064348
0 0.409043 0.057913 0.067826 0.078261
0 0.799478 0.119652 0.083478 0.100870
0 0.861217 0.177043 0.081739 0.073043
0 0.916870 0.220522 0.095652 0.080000
0 0.971913 0.296174 0.056174 0.106087
0 0.962348 0.077043 0.075304 0.106087
0 0.641217 0.978087 0.104348 0.043826
0 0.551652 0.950087 0.074783 0.071304
0 0.513391 0.895304 0.081739 0.097391
0 0.528174 0.714435 0.083478 0.086957
0 0.474261 0.680522 0.080000 0.085217
0 0.420348 0.628348 0.080000 0.078261
0 0.340348 0.576174 0.073043 0.074783
0 0.239478 0.516174 0.076522 0.069565
0 0.182956 0.471826 0.081739 0.088696
0 0.108174 0.400522 0.074783 0.081739
0 0.067304 0.354435 0.086957 0.069565
0 0.034522 0.530087 0.069043 0.080000
0 0.112522 0.636174 0.097391 0.090435
0 0.183826 0.674435 0.090435 0.090435
0 0.296000 0.745739 0.078261 0.086957
0 0.339478 0.782261 0.074783 0.086957
0 0.397739 0.850087 0.083478 0.104348
0 0.311652 0.973739 0.081739 0.052522
0 0.262956 0.946609 0.064348 0.064348
0 0.201217 0.904000 0.083478 0.080000
0 0.162087 0.861391 0.081739 0.088696
0 0.093391 0.817913 0.080000 0.099130
0 0.020609 0.726609 0.041217 0.059130