0 0.066435 0.729217 0.071304 0.081739
0 0.202087 0.817913 0.085217 0.081739
0 0.205565 0.601391 0.092174 0.080000
0 0.067304 0.531826 0.073043 0.080000
0 0.031043 0.473565 0.062086 0.102609
0 0.153391 0.382261 0.078261 0.100870
0 0.100348 0.344870 0.090435 0.053913
0 0.041478 0.304870 0.082956 0.071304
0 0.315130 0.315304 0.078261 0.085217
0 0.214261 0.268348 0.078261 0.095652
0 0.151652 0.198783 0.074783 0.095652
0 0.112522 0.150957 0.090435 0.083478
0 0.044957 0.101391 0.089913 0.085217
0 0.544696 0.262261 0.057391 0.069565
0 0.463826 0.237043 0.100870 0.085217
0 0.400348 0.178783 0.078261 0.083478
0 0.360348 0.148348 0.092174 0.081739
0 0.300348 0.111826 0.062609 0.067826
0 0.235130 0.053565 0.088696 0.083478
0 0.169043 0.025043 0.088696 0.050086
0 0.518609 0.064870 0.088696 0.088696
0 0.458609 0.025043 0.097391 0.050086
0 0.781217 0.082261 0.085217 0.085217
0 0.601217 0.324870 0.090435 0.083478
0 0.715130 0.027652 0.095652 0.055304