0 0.835130 0.151826 0.085217 0.095652
0 0.753391 0.069217 0.074783 0.086957
0 0.654261 0.040696 0.088696 0.081391
0 0.729913 0.256174 0.083478 0.099130
0 0.796000 0.310957 0.090435 0.100870
0 0.719478 0.460522 0.093913 0.093913
0 0.647304 0.417043 0.106087 0.107826
0 0.579478 0.337043 0.088696 0.100870
0 0.521217 0.303130 0.097391 0.113043
0 0.408174 0.214435 0.069565 0.078261
0 0.443826 0.260522 0.071304 0.086957
0 0.311652 0.168348 0.064348 0.090435
0 0.255130 0.122261 0.083478 0.085217
0 0.187304 0.075304 0.083478 0.078261
0 0.414261 0.057913 0.074783 0.078261
0 0.471652 0.104000 0.088696 0.093913
0 0.555130 0.164870 0.123478 0.097391
0 0.062348 0.021565 0.124696 0.043130
0 0.524696 0.490957 0.076522 0.085217
0 0.570783 0.546609 0.085217 0.088696
0 0.638609 0.578783 0.095652 0.083478
0 0.447304 0.435304 0.071304 0.074783
0 0.373391 0.370087 0.097391 0.090435
0 0.248174 0.317913 0.073043 0.073043
0 0.173391 0.254435 0.097391 0.099130
0 0.112522 0.203130 0.093913 0.069565
0 0.032783 0.149217 0.065565 0.107826
0 0.041478 0.343130 0.082956 0.078261
0 0.083826 0.384870 0.081739 0.088696
0 0.149043 0.432696 0.090435 0.080000
0 0.254261 0.510087 0.081739 0.106087
0 0.364696 0.558783 0.066087 0.088696
0 0.504696 0.684870 0.078261 0.083478
0 0.429043 0.626609 0.093913 0.092174
0 0.045565 0.565739 0.078261 0.071304
0 0.112522 0.604000 0.107826 0.064348
0 0.176000 0.664000 0.078261 0.083478
0 0.234261 0.706609 0.100870 0.088696
0 0.297739 0.743130 0.095652 0.085217
0 0.372522 0.781391 0.085217 0.064348