0 0.158000 0.974000 0.068000 0.052000
0 0.212000 0.940000 0.072000 0.056000
0 0.291000 0.971000 0.054000 0.058000
0 0.390000 0.974000 0.088000 0.052000
0 0.600000 0.798000 0.060000 0.072000
0 0.636000 0.737000 0.068000 0.078000
0 0.659000 0.668000 0.062000 0.064000
0 0.734000 0.761000 0.088000 0.054000
0 0.683000 0.834000 0.058000 0.088000
0 0.829000 0.763000 0.094000 0.070000
0 0.793000 0.816000 0.058000 0.056000
0 0.759000 0.890000 0.094000 0.100000
0 0.895000 0.822000 0.062000 0.076000
0 0.870000 0.860000 0.056000 0.044000
0 0.842000 0.896000 0.056000 0.064000
0 0.973000 0.849000 0.054000 0.050000
0 0.931000 0.885000 0.066000 0.050000
0 0.909000 0.924000 0.074000 0.064000
0 0.919000 0.964000 0.070000 0.072000
0 0.986000 0.979000 0.028000 0.038000
0 0.858000 0.607000 0.068000 0.050000
0 0.786000 0.690000 0.040000 0.044000
0 0.886000 0.556000 0.056000 0.056000
0 0.916000 0.467000 0.060000 0.046000
0 0.944000 0.545000 0.064000 0.058000
0 0.933000 0.603000 0.054000 0.050000
0 0.925000 0.645000 0.046000 0.038000
0 0.978000 0.354000 0.044000 0.080000
0 0.926000 0.287000 0.044000 0.058000
0 0.953000 0.238000 0.062000 0.048000
0 0.987000 0.174000 0.026000 0.044000
0 0.953000 0.093000 0.054000 0.058000
0 0.917000 0.179000 0.062000 0.050000
0 0.883000 0.207000 0.038000 0.022000
0 0.868000 0.236000 0.060000 0.036000
0 0.824000 0.161000 0.072000 0.066000
0 0.859000 0.087000 0.058000 0.062000
0 0.776000 0.048000 0.072000 0.076000
0 0.736000 0.109000 0.040000 0.042000
0 0.722000 0.141000 0.072000 0.054000
0 0.647000 0.085000 0.058000 0.054000
0 0.673000 0.060000 0.050000 0.040000
0 0.691000 0.023000 0.082000 0.046000
0 0.584000 0.029000 0.060000 0.058000
0 0.485000 0.024000 0.066000 0.048000
0 0.862000 0.396000 0.068000 0.052000
0 0.763000 0.398000 0.054000 0.056000
0 0.715000 0.492000 0.054000 0.056000
0 0.805000 0.532000 0.098000 0.084000
0 0.637000 0.424000 0.078000 0.096000
0 0.526000 0.309000 0.052000 0.102000
0 0.570000 0.241000 0.044000 0.086000
0 0.655000 0.284000 0.050000 0.044000
0 0.625000 0.325000 0.078000 0.046000
0 0.578000 0.371000 0.068000 0.070000
0 0.474000 0.209000 0.072000 0.058000
0 0.443000 0.264000 0.078000 0.056000
0 0.566000 0.564000 0.060000 0.052000
0 0.521000 0.668000 0.074000 0.060000
0 0.474000 0.701000 0.080000 0.062000
0 0.624000 0.618000 0.052000 0.056000
0 0.459000 0.565000 0.070000 0.054000
0 0.507000 0.508000 0.054000 0.048000
0 0.422000 0.612000 0.048000 0.036000
0 0.334000 0.595000 0.056000 0.058000
0 0.415000 0.475000 0.050000 0.042000
0 0.326000 0.414000 0.052000 0.040000
0 0.299000 0.450000 0.046000 0.048000
0 0.280000 0.506000 0.048000 0.044000
0 0.249000 0.556000 0.054000 0.060000
0 0.208000 0.484000 0.064000 0.052000
0 0.219000 0.423000 0.070000 0.062000
0 0.255000 0.385000 0.078000 0.050000
0 0.191000 0.316000 0.086000 0.052000
0 0.133000 0.386000 0.082000 0.068000
0 0.086000 0.458000 0.080000 0.056000
0 0.085000 0.316000 0.050000 0.064000
0 0.109000 0.286000 0.074000 0.056000
0 0.270000 0.172000 0.064000 0.044000
0 0.308000 0.131000 0.068000 0.054000
0 0.347000 0.079000 0.102000 0.066000
0 0.252000 0.060000 0.072000 0.036000
0 0.213000 0.111000 0.082000 0.042000
0 0.168000 0.167000 0.040000 0.026000
0 0.117000 0.111000 0.038000 0.046000
0 0.148000 0.074000 0.060000 0.032000
0 0.161000 0.016000 0.070000 0.032000
0 0.050000 0.030000 0.040000 0.060000
0 0.349000 0.243000 0.098000 0.090000
0 0.373000 0.190000 0.090000 0.068000
0 0.405000 0.132000 0.082000 0.080000