0 0.184000 0.978000 0.068000 0.044000
0 0.120000 0.947000 0.072000 0.062000
0 0.074000 0.979000 0.060000 0.042000
0 0.059000 0.902000 0.050000 0.072000
0 0.013000 0.864000 0.026000 0.060000
0 0.042000 0.745000 0.056000 0.070000
0 0.079000 0.698000 0.074000 0.072000
0 0.103000 0.637000 0.058000 0.050000
0 0.210000 0.653000 0.060000 0.058000
0 0.183000 0.689000 0.050000 0.046000
0 0.148000 0.738000 0.080000 0.040000
0 0.262000 0.688000 0.076000 0.080000
0 0.230000 0.746000 0.052000 0.056000
0 0.314000 0.781000 0.076000 0.082000
0 0.410000 0.804000 0.112000 0.068000
0 0.364000 0.856000 0.080000 0.052000
0 0.330000 0.905000 0.072000 0.066000
0 0.475000 0.855000 0.086000 0.046000
0 0.441000 0.903000 0.078000 0.058000
0 0.413000 0.957000 0.062000 0.082000
0 0.543000 0.920000 0.062000 0.056000
0 0.469000 0.980000 0.046000 0.040000
0 0.630000 0.931000 0.020000 0.030000
0 0.593000 0.973000 0.022000 0.038000
0 0.680000 0.968000 0.072000 0.064000
0 0.727000 0.974000 0.042000 0.052000
0 0.733000 0.891000 0.046000 0.070000
0 0.835000 0.884000 0.054000 0.076000
0 0.873000 0.849000 0.066000 0.062000
0 0.908000 0.788000 0.080000 0.068000
0 0.696000 0.809000 0.056000 0.062000
0 0.734000 0.760000 0.048000 0.068000
0 0.774000 0.715000 0.064000 0.038000
0 0.794000 0.683000 0.036000 0.050000
0 0.829000 0.564000 0.054000 0.068000
0 0.882000 0.535000 0.052000 0.046000
0 0.914000 0.479000 0.044000 0.026000
0 0.984000 0.505000 0.032000 0.042000
0 0.958000 0.544000 0.048000 0.028000
0 0.943000 0.587000 0.054000 0.058000
0 0.916000 0.639000 0.072000 0.062000
0 0.987000 0.667000 0.026000 0.054000
0 0.877000 0.715000 0.030000 0.046000
0 0.856000 0.709000 0.044000 0.050000
0 0.811000 0.790000 0.034000 0.044000
0 0.781000 0.797000 0.042000 0.038000
0 0.646000 0.759000 0.036000 0.070000
0 0.625000 0.620000 0.062000 0.048000
0 0.594000 0.667000 0.064000 0.046000
0 0.564000 0.716000 0.056000 0.064000
0 0.571000 0.555000 0.074000 0.058000
0 0.517000 0.615000 0.038000 0.054000
0 0.485000 0.672000 0.062000 0.060000
0 0.640000 0.436000 0.060000 0.060000
0 0.659000 0.392000 0.050000 0.060000
0 0.700000 0.350000 0.060000 0.060000
0 0.787000 0.352000 0.038000 0.044000
0 0.759000 0.402000 0.034000 0.028000
0 0.734000 0.435000 0.040000 0.030000
0 0.831000 0.431000 0.042000 0.034000
0 0.981000 0.038000 0.038000 0.076000
0 0.716000 0.469000 0.036000 0.046000
0 0.634000 0.289000 0.076000 0.082000
0 0.594000 0.340000 0.064000 0.060000
0 0.543000 0.402000 0.094000 0.096000
0 0.597000 0.172000 0.058000 0.056000
0 0.579000 0.221000 0.090000 0.062000
0 0.556000 0.283000 0.072000 0.078000
0 0.514000 0.145000 0.040000 0.070000
0 0.483000 0.204000 0.058000 0.060000
0 0.452000 0.255000 0.060000 0.058000
0 0.426000 0.308000 0.100000 0.048000
0 0.442000 0.113000 0.092000 0.078000
0 0.380000 0.153000 0.052000 0.070000
0 0.337000 0.203000 0.062000 0.046000
0 0.320000 0.260000 0.092000 0.056000
0 0.350000 0.093000 0.036000 0.074000
0 0.291000 0.028000 0.042000 0.056000
0 0.180000 0.057000 0.056000 0.026000
0 0.183000 0.018000 0.038000 0.028000
0 0.086000 0.018000 0.024000 0.036000
0 0.089000 0.064000 0.054000 0.044000
0 0.135000 0.117000 0.058000 0.054000
0 0.248000 0.104000 0.048000 0.044000
0 0.237000 0.134000 0.066000 0.048000
0 0.186000 0.164000 0.036000 0.052000
0 0.289000 0.193000 0.030000 0.030000
0 0.018000 0.193000 0.036000 0.058000
0 0.071000 0.219000 0.042000 0.042000
0 0.041000 0.271000 0.046000 0.054000
0 0.022000 0.345000 0.044000 0.098000
0 0.145000 0.256000 0.074000 0.076000
0 0.111000 0.325000 0.074000 0.058000
0 0.073000 0.368000 0.082000 0.068000
0 0.194000 0.334000 0.044000 0.036000
0 0.187000 0.375000 0.070000 0.066000
0 0.138000 0.424000 0.068000 0.052000
0 0.346000 0.432000 0.036000 0.052000
0 0.277000 0.520000 0.054000 0.064000
0 0.482000 0.509000 0.048000 0.046000
0 0.463000 0.553000 0.066000 0.054000
0 0.427000 0.608000 0.074000 0.068000
0 0.329000 0.557000 0.046000 0.062000