0 0.479000 0.527000 0.050000 0.066000
0 0.550000 0.601000 0.060000 0.042000
0 0.604000 0.637000 0.048000 0.046000
0 0.750000 0.726000 0.040000 0.048000
0 0.530000 0.643000 0.048000 0.058000
0 0.523000 0.929000 0.050000 0.046000
0 0.507000 0.959000 0.062000 0.042000
0 0.482000 0.983000 0.068000 0.034000
0 0.607000 0.977000 0.066000 0.046000
0 0.455000 0.918000 0.058000 0.052000
0 0.375000 0.895000 0.066000 0.066000
0 0.330000 0.951000 0.052000 0.058000
0 0.296000 0.885000 0.052000 0.042000
0 0.259000 0.924000 0.050000 0.048000
0 0.232000 0.811000 0.068000 0.074000
0 0.204000 0.854000 0.072000 0.064000
0 0.103000 0.836000 0.046000 0.036000
0 0.096000 0.870000 0.056000 0.068000
0 0.169000 0.752000 0.050000 0.056000
0 0.260000 0.573000 0.056000 0.058000
0 0.310000 0.540000 0.064000 0.044000
0 0.347000 0.465000 0.042000 0.062000
0 0.428000 0.487000 0.048000 0.050000
0 0.371000 0.578000 0.070000 0.064000
0 0.454000 0.592000 0.052000 0.044000
0 0.295000 0.412000 0.054000 0.064000
0 0.243000 0.457000 0.042000 0.058000
0 0.213000 0.501000 0.062000 0.070000
0 0.181000 0.394000 0.058000 0.080000
0 0.076000 0.349000 0.040000 0.058000
0 0.122000 0.317000 0.060000 0.054000
0 0.022000 0.296000 0.044000 0.056000
0 0.020000 0.230000 0.040000 0.044000
0 0.069000 0.415000 0.058000 0.042000
0 0.009000 0.690000 0.018000 0.080000
0 0.082000 0.711000 0.036000 0.054000
0 0.416000 0.982000 0.048000 0.036000