0 0.527000 0.818000 0.098000 0.072000
0 0.569000 0.725000 0.074000 0.066000
0 0.533000 0.640000 0.070000 0.060000
0 0.504000 0.681000 0.104000 0.062000
0 0.462000 0.757000 0.108000 0.082000
0 0.387000 0.697000 0.090000 0.050000
0 0.429000 0.635000 0.082000 0.062000
0 0.446000 0.579000 0.064000 0.046000
0 0.368000 0.634000 0.112000 0.072000
0 0.366000 0.579000 0.080000 0.070000
0 0.398000 0.548000 0.084000 0.064000
0 0.313000 0.493000 0.082000 0.058000
0 0.285000 0.532000 0.066000 0.044000
0 0.246000 0.557000 0.052000 0.030000
0 0.248000 0.620000 0.072000 0.040000
0 0.168000 0.561000 0.060000 0.050000
0 0.197000 0.514000 0.062000 0.064000
0 0.262000 0.421000 0.044000 0.050000
0 0.185000 0.383000 0.074000 0.042000
0 0.120000 0.491000 0.072000 0.070000
0 0.096000 0.544000 0.036000 0.072000
0 0.339000 0.236000 0.038000 0.028000
0 0.359000 0.216000 0.054000 0.032000
0 0.271000 0.246000 0.058000 0.040000
0 0.433000 0.298000 0.046000 0.036000
0 0.097000 0.335000 0.050000 0.034000
0 0.069000 0.392000 0.054000 0.048000
0 0.569000 0.383000 0.046000 0.058000
0 0.540000 0.465000 0.056000 0.030000
0 0.779000 0.589000 0.054000 0.058000
0 0.652000 0.737000 0.032000 0.066000
0 0.631000 0.804000 0.046000 0.020000
0 0.598000 0.840000 0.020000 0.040000
0 0.854000 0.608000 0.056000 0.052000
0 0.802000 0.836000 0.056000 0.072000
0 0.876000 0.887000 0.064000 0.046000
0 0.155000 0.931000 0.046000 0.046000
0 0.107000 0.974000 0.042000 0.048000
0 0.054000 0.919000 0.048000 0.054000
0 0.021000 0.963000 0.042000 0.058000
0 0.023000 0.834000 0.046000 0.084000
0 0.633000 0.461000 0.058000 0.070000
0 0.597000 0.576000 0.054000 0.048000
0 0.065000 0.153000 0.030000 0.038000
0 0.110000 0.153000 0.040000 0.046000