0 0.251000 0.207000 0.070000 0.050000
0 0.294000 0.122000 0.040000 0.052000
0 0.346000 0.087000 0.044000 0.054000
0 0.269000 0.032000 0.054000 0.060000
0 0.215000 0.120000 0.062000 0.064000
0 0.153000 0.195000 0.054000 0.058000
0 0.123000 0.063000 0.042000 0.062000
0 0.159000 0.032000 0.042000 0.044000
0 0.039000 0.075000 0.062000 0.078000
0 0.466000 0.017000 0.076000 0.034000
0 0.421000 0.109000 0.066000 0.054000
0 0.375000 0.173000 0.062000 0.082000
0 0.320000 0.248000 0.048000 0.072000
0 0.392000 0.282000 0.064000 0.072000
0 0.438000 0.247000 0.044000 0.050000
0 0.473000 0.190000 0.042000 0.056000
0 0.558000 0.063000 0.048000 0.054000
0 0.662000 0.072000 0.044000 0.044000
0 0.623000 0.114000 0.042000 0.048000
0 0.742000 0.066000 0.032000 0.036000
0 0.722000 0.111000 0.036000 0.046000
0 0.833000 0.110000 0.050000 0.052000
0 0.783000 0.162000 0.042000 0.040000
0 0.746000 0.216000 0.040000 0.056000
0 0.705000 0.160000 0.054000 0.032000
0 0.668000 0.172000 0.040000 0.036000
0 0.615000 0.252000 0.054000 0.052000
0 0.520000 0.239000 0.040000 0.046000
0 0.521000 0.282000 0.062000 0.064000
0 0.473000 0.356000 0.042000 0.076000
0 0.545000 0.390000 0.054000 0.064000
0 0.663000 0.330000 0.050000 0.052000
0 0.715000 0.307000 0.086000 0.054000
0 0.834000 0.257000 0.056000 0.058000
0 0.866000 0.218000 0.072000 0.060000
0 0.914000 0.154000 0.040000 0.084000
0 0.673000 0.013000 0.042000 0.026000
0 0.705000 0.009000 0.034000 0.018000
0 0.595000 0.008000 0.078000 0.016000
0 0.752000 0.367000 0.056000 0.078000
0 0.707000 0.451000 0.042000 0.026000
0 0.683000 0.489000 0.042000 0.058000
0 0.639000 0.479000 0.038000 0.050000
0 0.659000 0.429000 0.034000 0.034000
0 0.908000 0.317000 0.036000 0.062000
0 0.949000 0.244000 0.054000 0.044000
0 0.972000 0.332000 0.056000 0.052000
0 0.858000 0.402000 0.040000 0.024000
0 0.788000 0.513000 0.056000 0.038000
0 0.848000 0.563000 0.060000 0.078000
0 0.295000 0.661000 0.062000 0.066000
0 0.276000 0.698000 0.076000 0.044000
0 0.221000 0.769000 0.062000 0.062000
0 0.142000 0.715000 0.084000 0.046000
0 0.230000 0.607000 0.064000 0.058000
0 0.177000 0.666000 0.066000 0.060000
0 0.118000 0.564000 0.080000 0.068000
0 0.073000 0.819000 0.058000 0.034000
0 0.032000 0.900000 0.064000 0.076000
0 0.180000 0.971000 0.080000 0.058000
0 0.289000 0.977000 0.062000 0.046000
0 0.337000 0.862000 0.074000 0.072000
0 0.324000 0.728000 0.056000 0.068000
0 0.413000 0.784000 0.070000 0.064000
0 0.507000 0.791000 0.058000 0.066000
0 0.445000 0.914000 0.054000 0.064000
0 0.533000 0.888000 0.070000 0.056000
0 0.635000 0.902000 0.058000 0.052000
0 0.979000 0.699000 0.042000 0.026000
0 0.981000 0.675000 0.038000 0.038000