0 0.863450 0.562628 0.078029 0.073922
0 0.853183 0.513347 0.082136 0.073922
0 0.719713 0.386037 0.061602 0.098563
0 0.705339 0.338809 0.086242 0.061602
0 0.728953 0.261807 0.104723 0.092402
0 0.774127 0.106776 0.055441 0.069815
0 0.775154 0.044148 0.073922 0.080082
0 0.935318 0.198152 0.069815 0.084189
0 0.948665 0.121150 0.067762 0.094456
0 0.965606 0.042094 0.068788 0.080082
0 0.894251 0.368583 0.057495 0.059548
0 0.926078 0.267967 0.063655 0.063655
0 0.771047 0.209446 0.069815 0.053388
0 0.981006 0.598563 0.037988 0.047228