0 0.018000 0.174000 0.036000 0.056000
0 0.034000 0.099000 0.052000 0.058000
0 0.055000 0.063000 0.054000 0.046000
0 0.182000 0.108000 0.064000 0.068000
0 0.134000 0.163000 0.064000 0.062000
0 0.205000 0.203000 0.066000 0.070000
0 0.340000 0.192000 0.044000 0.040000
0 0.298000 0.239000 0.048000 0.034000
0 0.280000 0.273000 0.068000 0.050000
0 0.398000 0.221000 0.044000 0.046000
0 0.344000 0.289000 0.060000 0.034000
0 0.337000 0.349000 0.022000 0.054000
0 0.302000 0.348000 0.076000 0.036000
0 0.431000 0.346000 0.086000 0.036000
0 0.444000 0.302000 0.040000 0.044000
0 0.226000 0.622000 0.084000 0.060000
0 0.208000 0.661000 0.088000 0.082000
0 0.019000 0.658000 0.038000 0.048000
0 0.017000 0.694000 0.034000 0.052000