0 0.167351 0.654004 0.110883 0.080082
0 0.190965 0.606776 0.088296 0.067762
0 0.195072 0.532854 0.080082 0.055441
0 0.200205 0.468172 0.102669 0.094456
0 0.218686 0.354209 0.086242 0.059548
0 0.234086 0.298768 0.084189 0.059548
0 0.257700 0.241273 0.078029 0.055441
0 0.254620 0.143737 0.088296 0.082136
0 0.295688 0.102669 0.063655 0.057495
0 0.145791 0.027721 0.092402 0.051335
0 0.124230 0.071869 0.114990 0.045175
0 0.133470 0.116016 0.092402 0.059548
0 0.124230 0.169405 0.078029 0.055441
0 0.107803 0.228953 0.078029 0.063655
0 0.083162 0.296715 0.069815 0.075975
0 0.075975 0.338809 0.047228 0.045175
0 0.070842 0.395277 0.090349 0.080082
0 0.070842 0.419918 0.065708 0.084189
0 0.029774 0.468172 0.049281 0.073922
0 0.068789 0.498973 0.053388 0.069815
0 0.054415 0.531828 0.065708 0.049281
0 0.015400 0.581109 0.028747 0.090349
0 0.421971 0.095483 0.073922 0.088296
0 0.411704 0.154004 0.090349 0.065708
0 0.416838 0.191992 0.051335 0.075975
0 0.403491 0.248460 0.073922 0.065708
0 0.407598 0.283368 0.057495 0.078029
0 0.374743 0.327515 0.065708 0.067762
0 0.388090 0.378850 0.071869 0.051335
0 0.361396 0.426078 0.063655 0.051335
0 0.380903 0.469199 0.057495 0.059548
0 0.345996 0.504107 0.053388 0.059548
0 0.357290 0.554415 0.055441 0.061602
0 0.339836 0.593429 0.061602 0.073922
0 0.339836 0.641684 0.065708 0.084189
0 0.320329 0.687885 0.071869 0.061602
0 0.482546 0.684805 0.063655 0.067762
0 0.478439 0.634497 0.084189 0.078029
0 0.510267 0.554415 0.073922 0.061602
0 0.516427 0.487680 0.069815 0.080082
0 0.549281 0.445585 0.069815 0.061602
0 0.528747 0.336756 0.057495 0.086242
0 0.569815 0.369610 0.061602 0.061602
0 0.548255 0.277207 0.055441 0.073922
0 0.580082 0.312115 0.049281 0.053388
0 0.556468 0.212526 0.055441 0.067762
0 0.605749 0.243326 0.059548 0.067762
0 0.588296 0.151951 0.078029 0.082136
0 0.741273 0.211499 0.051335 0.065708
0 0.726899 0.263860 0.080082 0.080082
0 0.728953 0.320329 0.075975 0.065708
0 0.705339 0.375770 0.069815 0.065708
0 0.698152 0.441478 0.075975 0.082136
0 0.700205 0.486653 0.051335 0.069815
0 0.678645 0.545175 0.078029 0.092402
0 0.647844 0.663244 0.078029 0.061602
0 0.628337 0.724846 0.080082 0.094456
0 0.793634 0.763860 0.065708 0.069815
0 0.827515 0.718686 0.063655 0.065708
0 0.825462 0.596509 0.071869 0.071869
0 0.878850 0.385010 0.075975 0.100616
0 0.891170 0.323409 0.047228 0.080082
0 0.810062 0.828542 0.061602 0.051335
0 0.927105 0.865503 0.053388 0.043121
0 0.952772 0.765914 0.047228 0.053388
0 0.973819 0.667351 0.052361 0.045175