0 0.105000 0.875000 0.062000 0.066000
0 0.174000 0.784000 0.036000 0.032000
0 0.197000 0.747000 0.038000 0.026000
0 0.225000 0.698000 0.034000 0.040000
0 0.251000 0.662000 0.046000 0.036000
0 0.155000 0.691000 0.054000 0.042000
0 0.393000 0.622000 0.058000 0.068000
0 0.393000 0.581000 0.046000 0.082000
0 0.429000 0.551000 0.058000 0.082000
0 0.491000 0.489000 0.050000 0.070000
0 0.393000 0.454000 0.046000 0.056000
0 0.328000 0.387000 0.044000 0.062000
0 0.194000 0.435000 0.064000 0.066000
0 0.178000 0.473000 0.068000 0.066000
0 0.124000 0.566000 0.056000 0.052000
0 0.082000 0.624000 0.068000 0.080000
0 0.046000 0.690000 0.064000 0.088000
0 0.030000 0.553000 0.060000 0.070000
0 0.028000 0.220000 0.056000 0.068000
0 0.103000 0.246000 0.038000 0.056000
0 0.203000 0.298000 0.070000 0.052000
0 0.135000 0.383000 0.050000 0.058000
0 0.222000 0.373000 0.036000 0.010000
0 0.540000 0.535000 0.084000 0.042000
0 0.489000 0.600000 0.082000 0.032000
0 0.468000 0.643000 0.068000 0.070000
0 0.595000 0.587000 0.086000 0.042000
0 0.559000 0.657000 0.070000 0.086000
0 0.527000 0.704000 0.062000 0.032000
0 0.687000 0.617000 0.066000 0.038000
0 0.652000 0.656000 0.056000 0.032000
0 0.633000 0.696000 0.082000 0.060000
0 0.765000 0.644000 0.054000 0.040000
0 0.754000 0.704000 0.056000 0.032000
0 0.670000 0.776000 0.088000 0.080000
0 0.869000 0.692000 0.058000 0.040000
0 0.809000 0.737000 0.058000 0.050000
0 0.776000 0.778000 0.076000 0.072000
0 0.805000 0.811000 0.074000 0.054000
0 0.333000 0.844000 0.090000 0.060000
0 0.311000 0.896000 0.042000 0.064000
0 0.177000 0.934000 0.054000 0.052000
0 0.157000 0.973000 0.062000 0.054000
0 0.030000 0.970000 0.056000 0.056000
0 0.461000 0.971000 0.046000 0.058000
0 0.609000 0.931000 0.034000 0.078000